tree
version=v3
num_class=1
num_tree_per_iteration=1
label_index=0
max_feature_idx=28
objective=regression
feature_names=bm25_score bm25_rank knn_score knn_rank rrf_score popularity_prior price_log_cents title_length_tokens query_length_tokens query_has_brand query_has_color query_has_category_token query_has_size_pattern query_gender_intent product_gender gender_intent_match gender_intent_mismatch product_brand_match product_brand_token_overlap product_color_match title_query_token_coverage category_query_token_coverage product_category_token_overlap title_exact_query_match user_brand_affinity query_affordability_intent affordability_price_score brand_family_match subbrand_title_match
feature_infos=[0:87.007339477539062] [1:201] [0:0.99304783344268799] [1:201] [0.0038461538497358561:0.032786883413791656] none none [1:43] [1:20] [0:1] [0:1] none [0:1] [0:4] none none none [0:1] [0:1] [0:1] [0:1] none none [0:1] none [0:1] none [0:1] none
tree_sizes=3424 3414 3401 3421 3417 3411 3431 3414 3424 3415 3415 3433 3406 3425 3429 3419 3431 3421 3424 3438 3435 3432 3432 3428 3446 3434

Tree=0
num_leaves=31
num_cat=0
split_feature=4 4 4 3 2 0 4 4 0 8 8 2 3 8 3 4 4 3 2 2 3 2 2 4 4 3 2 3 3 3
split_gain=3343.81 94.0697 34.3189 27.0707 16.8798 5.31249 4.36343 3.17872 3.05809 2.34811 3.99543 2.25012 2.10245 1.55888 1.33866 1.32178 1.24283 1.04329 1.34175 1.03392 0.988265 1.25787 0.911409 0.875119 0.632974 0.631425 0.557731 0.549611 0.373259 0.36191
threshold=0.019825734198093418 0.014258293434977533 0.02325720060616732 12.500000000000002 1.0000000180025095e-35 14.282181262969972 0.016339040361344818 0.021205529570579532 8.6207265853881854 12.000000000000002 16.500000000000004 0.8294617533683778 139.50000000000003 2.5000000000000004 93.500000000000014 0.015282856300473215 0.016954645514488224 16.500000000000004 0.82077178359031688 0.85429322719573986 27.500000000000004 0.80478200316429149 0.80174240469932567 0.026842639781534675 0.02091846335679293 26.500000000000004 0.8414372205734254 23.500000000000004 18.500000000000004 25.500000000000004
decision_type=2 2 2 2 2 2 2 2 2 2 2 2 2 2 2 2 2 2 2 2 2 2 2 2 2 2 2 2 2 2
left_child=1 9 7 13 15 11 -6 17 14 28 -11 -4 20 -3 16 -5 -8 -2 -19 26 27 22 -22 -7 25 -20 -9 -10 -1 -28
right_child=2 3 5 4 6 23 8 19 12 10 -12 -13 -14 -15 -16 -17 -18 18 24 -21 21 -23 -24 -25 -26 -27 29 -29 -30 -31
leaf_value=-0.050521012179713345 0.036638904565396833 0.066980667459670518 0.02910733920804396 0.002702241086399328 -0.077114205988465079 0.079459120265030769 0.018106574437727754 0.039368475859807892 -0.02875288525467708 0.04029945326148246 -0.061677510058353868 0.074120706272639447 0.004550614666186766 0.014959463914208321 0.03831530273418951 0.056559014393597395 -0.036199315611807142 0.022934751834604541 0.0051365213224802211 0.064320712881347442 -0.030524457479955708 -0.062774673671678285 0.017996340674700094 0.096496893405960071 0.010474477938555073 -0.035215193711759289 0.019828763739452585 0.0078559645208377635 -0.09679460263769718 -0.00955608935391755
leaf_weight=3.8272535906580734 2.2426770731108281 6.1262096533318964 5.1324847670039189 1.7155147704761464 11.508126020096826 41.629306237329729 1.0825229007750783 10.008925142697992 1.3883031590376078 0.67502653598785323 1.609433785546571 25.075855793082155 1.8305393008049566 2.6828061936830636 0.95522193564102043 3.1428788508055732 1.3467894981149582 3.4074913944350556 1.0656541425269099 7.8113328899926264 1.5189686016528861 10.057430348584601 0.74523545411648218 410.57959717977792 1.2732589497754814 2.188070353702642 1.5523434169590467 1.1993589770281685 466.54788285982795 0.99378781024279295
leaf_count=670 124 148 172 205 2185 1318 88 672 239 274 275 635 188 254 22 105 253 283 127 381 257 1921 52 2764 133 414 120 123 79171 134
internal_value=0 -0.0896686 0.0902568 -0.0203227 -0.0392989 0.0935314 -0.0525551 0.0372107 -0.0355253 -0.0962578 -0.0284493 0.0676505 -0.0438629 0.0542777 0.00631084 0.0412494 -0.0137768 0.0127086 0.0026009 0.0482867 -0.0497194 -0.0555194 -0.0139337 0.0951072 -0.0140849 -0.0238986 0.0343017 -0.0143248 -0.0965261 0.00889899
internal_weight=0 517.96 512.961 45.2999 36.4909 482.417 31.6325 30.5435 20.1244 472.66 2.28446 30.2083 16.7398 8.80902 3.38453 4.85839 2.42931 10.1772 7.93447 20.3664 14.9093 12.3216 2.2642 452.209 4.52698 3.25372 12.5551 2.58766 470.375 2.54613
internal_count=93707 86430 7277 6040 5638 4889 5328 2388 3143 80390 549 807 2780 402 363 310 341 1081 957 1307 2592 2230 309 4082 674 541 926 362 79841 254
is_linear=0
shrinkage=0.05


Tree=1
num_leaves=31
num_cat=0
split_feature=4 4 4 4 3 1 3 8 3 9 8 3 1 2 8 12 18 0 3 0 3 2 2 0 2 3 7 1 7 0
split_gain=2849.91 158.761 143.958 30.3386 22.4845 23.7039 10.8553 9.79011 9.03764 8.85453 7.98515 7.76884 7.48218 5.83198 4.86268 4.75607 3.61114 3.25729 3.03926 2.92916 2.86367 2.62797 4.33122 2.78025 2.82395 2.60372 2.45007 2.19393 2.12443 2.07042
threshold=0.019539137370884422 0.029254763387143615 0.014258293434977533 0.025565925985574726 28.500000000000004 26.500000000000004 18.500000000000004 12.000000000000002 9.5000000000000018 1.0000000180025095e-35 4.5000000000000009 4.5000000000000009 11.500000000000002 0.81312623620033275 16.500000000000004 1.0000000180025095e-35 0.45000000298023229 21.00483322143555 187.50000000000003 23.188898086547855 3.5000000000000004 0.8157712221145631 0.81099101901054393 14.518308162689211 0.83650761842727672 6.5000000000000009 14.500000000000002 56.500000000000007 15.500000000000002 25.297482490539554
decision_type=2 2 2 2 2 2 2 2 2 2 2 2 2 2 2 2 2 2 2 2 2 2 2 2 2 2 2 2 2 2
left_child=2 3 6 8 13 15 -1 -8 27 10 -7 19 26 -4 -9 17 21 18 -6 -3 -15 22 -14 24 -23 -5 -10 -2 -26 -27
right_child=1 11 4 25 5 9 7 14 12 -11 -12 -13 16 20 -16 -17 -18 -19 -20 -21 -22 23 -24 -25 28 29 -28 -29 -30 -31
leaf_value=-0.026573927798847614 0.01752594886471617 0.067482854461705724 -0.032934236382009652 0.060657020647562968 0.0042534470090034781 -0.045778914591223081 -0.087919269708193623 0.020315479315828007 0.050805957494609311 -0.075187737258653797 0.057973665858546464 0.065559987221251434 -0.0070520763734296292 0.056316025635312322 -0.062758050844862814 0.058090527554567076 0.034194156943652423 0.028937200396247448 -0.041964963079752456 0.083526933477847135 0.016561726037990689 -0.036101211369073898 0.045868310679006777 0.0042008360021402137 -0.01988637939713496 0.036933059614253125 0.015745198251179062 0.056391739294727995 0.0099558092032416955 0.050368183686922835
leaf_weight=8.5432215222390351 6.5487882299348739 63.669888071715832 4.0384469067212221 28.738615841604769 7.5455996742239275 3.7220950080081847 569.30186564770702 3.2999413572251788 10.652809080202134 24.878709140029969 2.060960303992033 143.70443356968462 7.6363598923198861 5.3161124149337438 2.0848738513886929 2.6850698720663777 7.1738524138927451 4.4177762940526 5.4625935524236411 323.11162181943655 21.793706911150366 9.9136057810392249 6.3850155336549506 40.626729766314384 10.630218597128989 101.78252587653697 10.989289324963464 12.965757600963114 11.341810614365384 60.537011574953794
leaf_count=676 111 211 121 245 439 419 79171 270 142 3538 29 738 274 47 273 20 192 137 273 694 802 523 111 1311 420 1106 247 173 369 625
internal_value=0 0.0601264 -0.0777325 0.032515 -0.0154512 -0.0357039 -0.0864392 -0.0872815 0.0142087 -0.0626775 -0.00570794 0.0769973 0.00868589 0.0176452 -0.0166403 0.00644159 0.00242636 -0.00423744 -0.0167655 0.0810667 0.0260835 -0.000567823 0.0184959 -0.00445554 -0.0152773 0.0452958 0.0344847 0.0448391 -0.00471923 0.0422214
internal_weight=0 856.408 665.151 325.922 81.9211 50.7728 583.23 574.687 134.864 30.6618 5.78306 530.486 115.35 31.1483 5.38482 20.111 93.7076 17.426 13.0082 386.782 27.1098 86.5337 14.0214 72.5124 31.8856 191.058 21.6421 19.5145 21.972 162.32
internal_count=93707 7492 86215 5849 5825 4855 80390 79714 3873 3986 448 1643 3589 970 543 869 3200 849 712 905 849 3008 385 2623 1312 1976 389 284 789 1731
is_linear=0
shrinkage=0.05


Tree=2
num_leaves=31
num_cat=0
split_feature=4 4 4 3 3 1 4 8 7 3 7 1 2 2 0 8 2 3 3 2 4 0 2 3 2 0 2 4 2 2
split_gain=2583.29 179.277 36.2927 25.0992 19.5112 18.3574 11.1978 7.90172 12.614 7.04987 5.87858 5.06644 5.03172 4.89181 4.74369 4.66653 4.4962 4.1605 3.94273 3.8573 3.08717 3.02729 2.23334 2.15945 2.15583 2.11499 2.51124 1.74533 1.69927 1.64987
threshold=0.015143523924052717 0.026382579468190673 0.021847793832421306 18.500000000000004 16.500000000000004 23.500000000000004 0.031408416107296951 12.000000000000002 33.500000000000007 29.500000000000004 16.500000000000004 6.5000000000000009 0.85111221671104442 0.80885392427444469 25.297482490539554 1.5000000000000002 0.80380219221115123 3.5000000000000004 11.500000000000002 0.8414372205734254 0.020369221456348899 10.873967647552492 0.82672008872032177 69.500000000000014 0.80478200316429149 14.282181262969972 0.85111221671104442 0.023992075584828857 0.79011991620063793 0.83286976814270031
decision_type=2 2 2 2 2 2 2 2 2 2 2 2 2 2 2 2 2 2 2 2 2 2 2 2 2 2 2 2 2 2
left_child=3 2 4 10 17 11 25 14 -9 29 -1 -6 21 16 15 -5 -11 -2 -14 -19 -15 -4 -23 -13 -18 26 -3 -24 -25 -7
right_child=1 6 12 7 5 9 -8 8 -10 13 -12 23 18 20 -16 -17 24 19 -20 -21 -22 22 27 28 -26 -27 -28 -29 -30 -31
leaf_value=-0.035283676745123879 0.057307118737786093 0.02039824033899143 -0.01347405863534715 -0.047028288673071586 0.042080349210359927 -0.031012758816440247 0.077169586248789612 -0.07214289191295449 0.057912923644754304 -0.043506577372823568 0.027302985429937428 0.021776101092963466 0.061866018227682888 -0.06620359960845898 0.012236083101005848 -0.082984389407166598 0.049504445005712404 -0.020289005609292581 0.033543364814738429 0.030766940916765198 -0.019465806859035182 0.038899579770811266 0.0022646862335363861 0.019694376524788573 -0.010960392508600619 0.063881675430018298 0.057311974461194015 0.026886407750840603 -0.023794811317000838 0.0024003429476947506
leaf_weight=9.8236561403609794 9.6033505760133284 9.3780738944187778 4.2466708747670046 13.612946410197763 10.303532339166852 4.1346284648170721 282.66092212125659 3.3927086265757671 2.294767948333174 4.5002079696860147 4.8558906184043726 5.4672592387069043 24.509192319586873 20.487331761411046 1.0895643963012833 561.99164052499691 2.0296103367581964 4.5989991654641917 34.779400257277302 10.648591249017043 5.4957177484029662 24.792766983155161 11.726625093520854 2.1073196637444189 2.2988769029034302 325.956209349446 12.80199923366308 18.487185519188643 8.5595885417424125 12.727819816966074
leaf_count=668 66 139 143 1192 186 309 567 510 45 485 188 181 249 2815 63 78994 32 170 849 262 357 472 454 64 197 2373 114 399 521 643
internal_value=0 0.0557187 0.0169238 -0.0798067 -0.004791 -0.0170711 0.0692932 -0.0814343 -0.0188551 -0.0341864 -0.0141595 0.0164087 0.0356671 -0.0467572 -0.0820177 -0.0822171 -0.012766 0.0329752 0.0460836 0.0150664 -0.0574058 0.0246525 0.0277841 -0.00148476 0.0213611 0.0626954 0.0432576 0.0177089 -0.0142516 -0.00707
internal_weight=0 852.302 221.505 597.061 102.963 78.1119 630.797 582.382 5.68748 51.6742 14.6795 26.4377 118.542 34.8117 576.694 575.605 8.8287 24.8509 59.2886 15.2476 25.983 59.2532 55.0066 16.1342 4.32849 348.136 22.1801 30.2138 10.6669 16.8624
internal_count=93707 12047 8854 81660 6288 5790 3193 80804 555 4838 856 952 2566 3886 80249 80186 714 498 1098 432 3172 1468 1325 766 229 2626 253 853 585 952
is_linear=0
shrinkage=0.05


Tree=3
num_leaves=31
num_cat=0
split_feature=4 4 4 3 3 3 3 8 7 4 8 0 0 2 3 4 7 20 3 3 3 4 0 3 2 7 10 0 7 0
split_gain=2198.76 145.153 24.0838 21.0344 19.397 18.5712 11.0888 7.17697 7.38906 6.42531 5.37022 4.11294 3.7903 3.67995 3.72742 3.50933 3.39172 3.28146 3.25512 3.18591 3.14614 2.98895 2.5202 2.43745 2.28226 1.66538 1.4568 1.25952 1.03951 0.941558
threshold=0.015143523924052717 0.025565925985574726 0.021847793832421306 18.500000000000004 4.5000000000000009 16.500000000000004 162.50000000000003 12.000000000000002 33.500000000000007 0.016954645514488224 1.5000000000000002 25.297482490539554 20.082803726196293 0.81864127516746532 32.500000000000007 0.027217182330787185 16.500000000000004 0.36666667461395269 2.5000000000000004 28.500000000000004 11.500000000000002 0.02091846335679293 20.082803726196293 51.500000000000007 0.80380219221115123 9.5000000000000018 1.0000000180025095e-35 13.555397033691408 26.500000000000004 15.723419189453127
decision_type=2 2 2 2 2 2 2 2 2 2 2 2 2 2 2 2 2 2 2 2 2 2 2 2 2 2 2 2 2 2
left_child=3 2 5 16 12 18 9 10 -9 19 -5 -12 -3 17 27 -6 26 23 -2 -7 -4 -16 25 -11 -25 -22 -1 -15 -24 -17
right_child=1 4 20 7 15 6 -8 8 -10 13 11 -13 -14 14 21 29 -18 -19 -20 -21 22 -23 28 24 -26 -27 -28 -29 -30 -31
leaf_value=-0.0055647052544751784 0.057690314235976349 0.053724475256651118 0.048972012202288334 -0.041602570385982758 0.039221118674222927 -0.00022072831924786478 0.026747875809151517 -0.064788021081543842 0.03327266880475898 -0.023681659674527417 -0.078323598585433071 0.010157383840651398 0.072475410021059269 -0.015014786886643908 -0.053775179248664533 0.038481186128354578 0.018393006550192364 -0.02993172300448619 0.018613624724066979 -0.062972184790795194 -0.0067821556401015323 -0.0049110493844822739 0.042546175561842911 -0.0081291569988403822 0.037170290800343973 0.021496590586936339 -0.045844849667199546 0.015496462721588151 0.012991963566831785 0.056510879954632068
leaf_weight=4.0781009420752516 8.0738637885078806 45.747269328683615 20.956053689587861 13.933505291584877 55.338072927668691 2.4143897644244126 11.926128943101501 2.8762060634326181 2.9224339653737843 2.5749137029051807 541.74924894646392 1.0996827883645881 331.83620819076896 10.753277926443845 11.719965362412042 17.107135031372309 4.774797784863039 4.8216819633962578 16.854304381879047 11.695588093600234 5.5464679349679491 4.4364667375921263 22.056441230350178 3.5569560336880377 8.0980201894417387 37.376978011074243 5.0148510189028448 3.834025338641367 4.7023334208352017 197.05070219375193
leaf_count=196 39 218 260 1192 843 131 313 510 45 229 78994 63 801 677 1510 190 188 350 459 1655 206 234 486 217 281 1031 472 193 157 1567
internal_value=0 0.0515493 0.0132129 -0.0752074 0.0628509 -0.00362354 -0.015938 -0.076707 -0.0177421 -0.0241935 -0.0772882 -0.078126 0.0703515 -0.0151601 -0.0255887 0.0521207 -0.0133034 0.00210552 0.0330069 -0.0529599 0.0317646 -0.0414257 0.0259701 0.0142136 0.0237955 0.0177713 -0.0301208 -0.00651573 0.0380077 0.0552562
internal_weight=0 838.477 191.398 576.449 647.079 100.76 75.8314 562.581 5.79864 63.9053 556.782 542.849 377.583 49.7953 30.7437 269.496 13.8677 19.0516 24.9282 14.11 90.6383 16.1564 69.6822 14.2299 11.655 42.9234 9.09295 14.5873 26.7588 214.158
internal_count=93707 12047 8428 81660 3619 6288 5790 80804 555 5477 80249 79057 1019 3691 2614 2600 856 1077 498 1786 2140 1744 1880 727 498 1237 668 870 643 1757
is_linear=0
shrinkage=0.05


Tree=4
num_leaves=31
num_cat=0
split_feature=4 4 4 1 1 4 4 4 3 9 3 2 1 4 2 0 4 3 3 2 2 0 0 0 0 2 3 3 0 20
split_gain=1918.54 99.7101 61.5422 17.9242 12.844 10.5696 8.57256 6.16275 3.9833 3.6189 4.71583 4.12152 2.8793 4.0466 2.86036 1.87282 1.77342 1.63991 2.237 1.88139 1.52677 1.28703 1.27582 4.04611 1.27558 1.21685 1.16644 1.16285 1.09334 0.92909
threshold=0.019539137370884422 0.014258293434977533 0.026842639781534675 193.50000000000003 22.500000000000004 0.030543251894414428 0.021847793832421306 0.016339040361344818 18.500000000000004 1.0000000180025095e-35 29.500000000000004 0.80885392427444469 54.500000000000007 0.02325720060616732 0.79011991620063793 14.518308162689211 0.015814068727195266 16.500000000000004 121.50000000000001 0.81534972786903392 0.81622770428657543 21.522598266601566 12.360662937164308 18.395681381225589 8.6058325767517108 0.85955443978309642 32.500000000000007 16.500000000000004 11.95111656188965 0.42222222685813909
decision_type=2 2 2 2 2 2 2 2 2 2 2 2 2 2 2 2 2 2 2 2 2 2 2 2 2 2 2 2 2 2
left_child=1 8 6 4 14 25 17 -6 27 11 24 -9 13 28 22 29 -5 -2 19 -19 -16 -12 -3 -24 -11 -4 -21 -1 -8 -15
right_child=2 3 5 16 7 -7 12 9 -10 10 21 -13 -14 15 20 -17 -18 18 -20 26 -22 -23 23 -25 -26 -27 -28 -29 -30 -31
leaf_value=-0.045030957369889386 0.021080117032168368 0.047219020200675962 0.045159554180604931 0.011393053871093637 -0.066379475253927844 0.066312697940148213 -0.014235370765867509 0.043320554326545434 -0.072971568638004039 -0.031871014273411449 -0.056074709222038416 -0.031681402776125009 0.053719188290235476 0.011368542305806877 -0.042355912088140046 0.037756505679414763 0.042895681872017755 0.012060797947754066 0.036148050402703691 -0.0027239209035500923 0.0079850720988287899 0.0013132991365843623 -0.028480146025371418 0.035335949965551977 0.0048074275037593203 0.055315893810380261 -0.029234454550607154 -0.005684245597154843 0.013665490540670542 0.030853174604315248
leaf_weight=5.1247647748095897 8.8275975894648564 3.224849751917648 86.360733612440526 9.1374446531990561 13.829103713156654 359.15218997187912 3.4294030996970859 3.0249301516450968 539.95675984350964 2.3382855155505258 12.100010786874916 2.4164556299801916 13.806372888851909 15.158671439392494 2.1454141919966778 68.16709947003983 10.04499270301312 7.2937365875113818 2.2669207849539807 7.9503137572610312 2.3814633120782673 1.0069144775625307 3.1217839992605132 5.4405630652327091 7.481573051889427 150.53655394911766 8.2278567116882169 3.1753499135375023 18.45300030670478 12.041146584786473
leaf_count=472 219 47 760 314 2157 973 148 58 79714 171 1690 250 116 379 173 1279 67 295 39 466 126 107 200 110 355 1241 714 204 631 232
internal_value=0 -0.0649127 0.0531514 -0.0117296 -0.0254124 0.0606486 0.0259682 -0.0397198 -0.0724142 -0.0249059 -0.0333335 0.0102655 0.0317725 0.0287558 0.0117512 0.0331812 0.0291976 0.00368712 -0.00284341 -0.00793245 -0.0192198 -0.0518854 0.0242186 0.0115238 -0.00606477 0.0518188 -0.0171236 -0.032208 0.00886186 0.0207825
internal_weight=0 625.951 761.672 77.6938 58.5113 596.049 165.622 42.1973 548.257 28.3682 22.9268 5.44139 131.056 117.249 16.3141 95.3669 19.1824 34.5664 25.7388 23.4719 4.52688 13.1069 11.7872 8.56235 9.81986 236.897 16.1782 8.30011 21.8824 27.1998
internal_count=93707 86215 7492 5825 5444 2974 4518 4788 80390 2631 2323 308 2785 2669 656 1890 381 1733 1514 1475 299 1797 357 310 526 2001 1180 676 779 611
is_linear=0
shrinkage=0.05


Tree=5
num_leaves=31
num_cat=0
split_feature=4 4 3 4 3 1 3 1 8 7 8 0 2 1 3 2 0 2 3 0 7 2 7 1 4 0 2 20 4 3
split_gain=1683.63 107.4 21.8832 16.9216 11.8614 9.93326 13.6764 8.33942 5.56244 5.80277 5.42578 5.11956 4.26797 3.75739 4.92001 5.60238 3.98495 3.83375 2.50488 2.26849 2.05819 2.10238 1.83834 1.52583 1.51623 1.35997 1.34967 1.26838 1.05038 0.987048
threshold=0.015442162752151491 0.026382579468190673 18.500000000000004 0.021205529570579532 4.5000000000000009 4.5000000000000009 16.500000000000004 8.5000000000000018 12.000000000000002 33.500000000000007 1.5000000000000002 20.082803726196293 0.85429322719573986 23.500000000000004 28.500000000000004 0.80885392427444469 17.869965553283695 0.80380219221115123 11.500000000000002 20.528112411499027 26.500000000000004 0.85549303889274608 11.500000000000002 12.500000000000002 0.029254763387143615 5.6864857673645028 0.82263374328613292 0.29166667163372045 0.022865246981382373 22.500000000000004
decision_type=2 2 2 2 2 2 2 2 2 2 2 2 2 2 2 2 2 2 2 2 2 2 2 2 2 2 2 2 2 2
left_child=2 3 20 5 11 -2 22 -4 10 -10 -9 -3 19 16 27 17 -8 -16 -14 28 21 26 -7 -21 -6 -24 -1 29 -5 -15
right_child=1 4 7 12 24 6 13 8 9 -11 -12 -13 18 14 15 -17 -18 -19 -20 23 -22 -23 25 -25 -26 -27 -28 -29 -30 -31
leaf_value=-0.0075049104281131431 0.047544047311551894 0.042337176030721152 0.00589034797641957 0.00049848251470339174 0.042265864667435343 0.0045640929859188991 0.015795342473626014 -0.035365613435321096 -0.057834298560504427 0.033332494257235411 -0.071121387365995103 0.064613165137563267 0.048696637838707535 -0.035797155573867305 -0.03566329096843248 -0.053372166230338039 -0.042836918552789302 0.025540513856340142 0.025849275549409273 0.043208730619678032 0.029225500987997834 0.019426639426421741 0.054686939681034302 0.011700603466840619 0.052324166143101349 0.018331367550632183 -0.041753308197429229 0.012552147515070514 0.016153512025788821 -0.0011626048428690849
leaf_weight=6.275436468189584 7.7620174232870331 36.549498049542308 3.5182524273404843 15.528857639757915 122.6809711670503 6.4908744986169067 10.895314507535657 13.87966050673276 2.5367203778587273 2.5297559440368786 515.46424709317216 321.53578846901655 24.390138613758609 2.6379669198067841 3.9374237745068985 20.27051999901596 2.8325670531485221 4.3299987191567197 32.676205112482421 10.983413909096273 1.9945192402228702 2.5303470545914015 5.6564564956352097 7.0891849656472905 113.62860814668238 6.731802771682851 5.3181316488189623 6.1293411674269009 34.03564564906992 4.895279097603634
leaf_count=334 91 201 143 632 1404 122 442 1202 493 48 79304 793 259 208 436 2876 243 204 845 173 54 111 31 235 739 186 431 291 847 266
internal_value=0 0.0457301 -0.0675266 0.014649 0.0565257 -0.00290249 -0.00869494 -0.0692451 -0.0697498 -0.0143227 -0.0702523 0.0624637 0.0262009 -0.0210631 -0.0283053 -0.0397864 0.00161023 -0.00431122 0.0362847 0.0172884 -0.00948132 -0.0165183 0.0271614 0.0321108 0.0473025 0.0377761 -0.0252831 -0.00324596 0.0113556 -0.0160645
internal_weight=0 801.668 554.047 207.273 594.395 82.5696 74.8075 537.929 534.41 5.06648 529.344 358.085 124.703 55.9284 42.2005 28.5379 13.7279 8.26742 57.0663 67.6371 16.1184 14.1239 18.8791 18.0726 236.31 12.3883 11.5936 13.6626 49.5645 7.53325
internal_count=93644 11524 82120 8387 3137 5396 5305 81190 81047 541 80506 994 2991 4966 4281 3516 685 640 1104 1887 930 876 339 408 2143 217 765 765 1479 474
is_linear=0
shrinkage=0.05


Tree=6
num_leaves=31
num_cat=0
split_feature=4 4 3 3 0 0 3 8 8 4 3 4 4 7 4 7 7 0 7 18 0 7 2 10 7 3 0 3 3 4
split_gain=1506.72 95.331 20.1104 16.3462 12.9035 10.396 6.85716 5.24019 4.87258 6.46072 4.5215 5.58397 4.39506 4.37594 6.28234 3.70313 3.7204 2.64363 2.28977 2.04454 2.03493 1.76119 1.89823 3.16022 1.66443 1.4149 1.33467 1.29373 1.5488 1.57771
threshold=0.015442162752151491 0.026382579468190673 18.500000000000004 15.500000000000002 13.961151123046877 20.528112411499027 6.5000000000000009 1.5000000000000002 12.000000000000002 0.0044944048859179029 174.50000000000003 0.019825734198093418 0.015143523924052717 12.500000000000002 0.022506050765514377 8.5000000000000018 7.5000000000000009 9.3793067932128924 16.500000000000004 0.55000001192092907 13.268121719360353 26.500000000000004 0.85023444890975963 1.0000000180025095e-35 2.5000000000000004 45.500000000000007 7.7851965427398691 31.500000000000004 142.50000000000003 0.02091846335679293
decision_type=2 2 2 2 2 2 2 2 2 2 2 2 2 2 2 2 2 2 2 2 2 2 2 2 2 2 2 2 2 2
left_child=2 3 21 -2 10 -3 -7 15 12 -10 11 17 19 25 27 16 24 26 20 -9 -13 22 23 -1 -4 -6 -5 -15 29 -29
right_child=1 5 7 4 13 6 -8 8 9 -11 -12 18 -14 14 -16 -17 -18 -19 -20 -21 -22 -23 -24 -25 -26 -27 -28 28 -30 -31
leaf_value=0.0018179292630235656 0.035287929973124951 0.039053519499743367 0.0090857500801432966 -0.036450167943993639 0.018596226754267062 0.060497281919484697 0.045318855688177423 -0.068443852392653867 0.035197534934561882 -0.060280125094171293 0.039219629784835341 -0.027462656440988636 -0.013052697664384053 0.010868136780108319 0.021609083527201041 -0.052715293943063624 0.034661756283881233 -0.044155594857165956 0.012168668977134362 -0.0019904250745199975 0.014280197866563621 0.026422056454285775 0.014118794274474787 -0.050271074267678344 -0.054176167475892149 0.043115183033656634 0.00094031689890032631 -0.037275174558940798 0.0074248943228759998 -0.0035022177079580955
leaf_weight=5.4557903294917169 62.109213342657313 111.01029014587402 1.2063834047876292 2.4610905752051639 13.444113397970797 359.31378170661628 116.1905106427148 500.40252526641416 2.5271592487115404 2.6535978615283966 2.8827483104541889 9.0975403486518207 4.1604806829709551 4.5944751241477233 35.952591838402441 8.2471075505018216 2.7437854777090251 17.127027186157648 14.688180188517434 1.2210724933538575 3.3807273469865313 2.0585507112555197 3.3716420955024651 5.0837736609391877 2.000041585881263 14.985621749772688 7.5332876453176141 8.3905272110714595 4.5143067267490542 5.83137743116822
leaf_count=235 1012 936 81 260 387 1100 1101 78979 116 429 43 537 345 205 889 809 82 2010 537 119 111 54 162 479 230 366 533 1042 169 286
internal_value=0 0.0433027 -0.0648136 0.0140438 0.00475736 0.0535873 0.0568913 -0.0664928 -0.0673597 -0.015547 -0.0135826 -0.0170451 -0.0678587 0.0167295 0.00873041 -0.0329125 -0.00182986 -0.0326635 -0.000846516 -0.0682864 -0.0159329 -0.00893155 -0.0155842 -0.0254864 -0.033873 0.0325463 -0.0107449 -0.0111881 -0.0168733 -0.0245671
internal_weight=0 793.507 541.132 206.993 144.884 586.515 475.504 525.162 510.965 5.18076 57.1706 54.2879 505.784 87.713 59.2833 14.1973 5.95021 27.1214 27.1664 501.624 12.4783 15.9698 13.9112 10.5396 3.20642 28.4297 9.99438 23.3307 18.7362 14.2219
internal_count=93644 11524 82120 8387 7375 3137 2201 81190 79988 545 4031 3988 79443 3344 2591 1202 393 2803 1185 79098 648 930 876 714 311 753 793 1702 1497 1328
is_linear=0
shrinkage=0.05


Tree=7
num_leaves=31
num_cat=0
split_feature=4 4 3 18 4 1 3 0 4 8 7 1 4 2 2 3 1 3 2 2 3 0 1 3 3 0 4 4 3 2
split_gain=1353.65 86.9937 19.705 14.7334 13.9132 9.65598 13.959 9.15776 5.82681 5.03757 6.77398 4.24615 3.35383 3.01231 2.85516 4.34419 3.02959 2.50327 2.28943 2.20998 1.95161 1.94653 1.83749 1.75242 2.00911 2.8073 1.37212 1.35854 1.34918 1.26524
threshold=0.015442162752151491 0.026842639781534675 18.500000000000004 0.55000001192092907 0.021847793832421306 4.5000000000000009 16.500000000000004 20.528112411499027 0.031890051439404495 12.000000000000002 33.500000000000007 6.5000000000000009 0.016339040361344818 0.85429322719573986 0.81148079037666332 32.500000000000007 22.500000000000004 2.5000000000000004 0.8852524757385255 0.8157712221145631 10.500000000000002 12.807919025421144 55.500000000000007 53.500000000000007 70.500000000000014 8.6803364753723162 0.020106837153434757 0.02325720060616732 16.500000000000004 0.83650761842727672
decision_type=2 2 2 2 2 2 2 2 2 2 2 2 2 2 2 2 2 2 2 2 2 2 2 2 2 2 2 2 2 2
left_child=2 4 20 9 5 -2 17 -3 18 11 -11 -4 -8 19 23 -16 -17 -7 -9 -6 -1 29 -15 -14 -25 -26 -19 -23 -22 -21
right_child=1 7 3 -5 13 6 12 8 -10 10 -12 -13 14 22 15 16 -18 26 -20 21 28 27 -24 24 25 -27 -28 -29 -30 -31
leaf_value=0.010197854763315958 0.045704959191286351 0.036974876136268327 0.0056997303357757814 0.038458136308236357 0.032905444626630684 0.048573318551840716 -0.048806398258367467 0.043548022426771249 0.06174366770948108 -0.057355282449137159 0.038786742832209675 -0.065735914653694549 -0.026734725991391973 0.027804980645907102 -0.0014646727045627807 -0.0067554649225755317 -0.047190048516785647 -0.0038222073340404752 0.054364107938798714 -0.028576027488001195 -0.03707842295410943 -0.0017123705532931931 0.051554047399200921 0.033848026284974485 0.041133326689978225 -0.017724355754047277 0.026194712833835183 0.02129953414400923 0.0013042681040952916 0.0048212890523397223
leaf_weight=7.5380236045457449 9.1634219950064999 101.41036879923195 1.935065675061195 2.8608956299722186 16.341981816338375 7.9447991047054556 6.8535568120423696 135.31410970445722 187.3229920938611 2.9323572095017871 2.4952778788283467 499.9225082291232 2.7777650204952833 48.348266820190474 17.176415119203739 7.1131027771625694 14.660995514539534 6.353104818146674 141.12727245874703 3.1818279121071091 5.1012659065891039 7.784758249152218 11.644703449681399 4.9928052059840402 1.7042098259553293 7.1233539511449635 7.7294248272664845 32.002153656911105 3.5590993294026703 8.1200301973149163
leaf_count=259 96 816 61 121 273 39 999 1007 329 497 48 80463 246 1020 994 403 2023 208 769 140 463 319 67 146 20 483 169 715 208 243
internal_value=0 0.0409673 -0.0625522 -0.0642739 0.0142867 -0.000371287 -0.00584856 0.0513573 0.0544159 -0.0649278 -0.0139975 -0.0654497 -0.0178965 0.0249722 -0.0132872 -0.0205372 -0.0348576 0.0275776 0.0492458 0.0172876 -0.00774546 0.011756 0.0331844 0.0039265 0.0114772 -0.00333227 0.0132975 0.0168654 -0.0228024 -0.0061397
internal_weight=0 786.191 526.344 510.146 221.017 93.593 84.4295 565.175 463.764 507.285 5.42764 501.858 62.4022 127.424 55.5486 38.9505 21.7741 22.0273 276.441 67.4308 16.1984 51.0888 59.993 16.5981 13.8204 8.82756 14.0825 39.7869 8.66037 11.3019
internal_count=93644 11524 82120 81190 8603 5826 5730 2921 2105 81069 545 80524 5314 2777 4315 3420 2426 416 1776 1690 930 1417 1087 895 649 503 377 1034 671 383
is_linear=0
shrinkage=0.05


Tree=8
num_leaves=31
num_cat=0
split_feature=4 4 3 3 1 0 18 3 3 2 8 7 20 1 2 2 1 3 7 4 20 1 7 4 0 2 10 3 7 8
split_gain=1238.15 83.1633 17.6558 12.6433 17.0603 10.3967 8.59695 7.54238 7.11594 5.52942 4.58732 5.83461 4.54876 3.69535 1.9906 1.97022 1.78501 2.26908 1.73887 1.72595 1.3705 1.30655 1.25491 1.11094 1.8616 1.06165 1.88273 1.01726 0.98765 0.937009
threshold=0.015442162752151491 0.026382579468190673 18.500000000000004 15.500000000000002 19.500000000000004 20.528112411499027 0.55000001192092907 6.5000000000000009 32.500000000000007 0.81148079037666332 12.000000000000002 33.500000000000007 0.21111111342906955 9.5000000000000018 0.8264523744583131 0.80380219221115123 4.5000000000000009 73.500000000000014 16.500000000000004 0.02091846335679293 0.29166667163372045 2.5000000000000004 19.500000000000004 0.031017072498798374 13.358316898345949 0.85023444890975963 1.0000000180025095e-35 144.50000000000003 7.5000000000000009 1.5000000000000002
decision_type=2 2 2 2 2 2 2 2 2 2 2 2 2 2 2 2 2 2 2 2 2 2 2 2 2 2 2 2 2 2
left_child=2 3 18 28 16 23 10 21 14 12 13 -12 15 -4 -6 -10 -5 -18 25 27 -16 -7 -19 24 -3 26 -1 -11 -2 -15
right_child=1 5 6 4 8 7 -8 -9 9 19 11 -13 -14 29 20 -17 17 22 -20 -21 -22 -23 -24 -25 -26 -27 -28 -29 -30 -31
leaf_value=-0.0032940758711457368 0.010944070595995925 0.015938090847922522 -0.0054308788589797511 0.038327859035448331 -0.023605786691279922 0.060267290555350628 0.024897085427949665 0.040467065450897149 -0.0095376712668520606 -0.052375318609830794 -0.054834753757525334 0.035083777030832451 -0.03774715131207429 -0.041583694486871298 -0.004973756498554212 0.036400932582243507 0.022345336393787496 0.0074827686901354565 0.013960383831041034 -0.012914196362680817 0.013607360660693941 0.051680321819551706 -0.029233581867213827 0.020754517200940802 0.039613812012636265 0.006425746378347314 -0.048385112653862861 0.0027816332400013312 0.03292547520149499 -0.064168041932198702
leaf_weight=4.6096017267554998 7.0254506976343682 11.336480061523615 2.9320821795845395 14.069288833532481 5.6841486679622895 178.41840739734471 2.3172675977693862 114.32649484369904 3.209740326041354 16.552878412185244 2.8072156140115103 2.5011327438987792 4.4783388916403046 11.871655421797184 16.38872751040617 5.1488150138175115 42.496682307712035 6.0128968460485321 4.9647034902591249 4.850126400764565 22.65305755607551 168.27984532155097 2.5255056004971266 17.253024181351066 79.789671235717833 2.6944032565224907 3.9930901544867101 0.77477265265770157 55.411376141943038 475.09723904331622
leaf_count=199 132 155 169 169 361 354 121 1101 269 2531 497 48 430 1202 811 174 995 253 189 301 854 746 174 73 708 139 403 53 880 79153
internal_value=0 0.0392355 -0.0607303 0.0120445 0.00386333 0.0490955 -0.0624042 0.0524397 -0.0115863 -0.0281294 -0.0628621 -0.0136224 -0.00167091 -0.0633668 0.00169671 0.0196261 0.0226753 0.0177065 -0.00886703 -0.0427112 0.00587807 0.05626 -0.00530354 0.0345206 0.0368734 -0.0192184 -0.027083 -0.0498919 0.0306636 -0.0637038
internal_weight=0 776.686 513.788 207.282 144.845 569.404 497.527 461.025 79.7406 35.0147 495.209 5.30835 12.8369 489.901 44.7259 8.35856 65.1044 51.0351 16.2618 22.1778 39.0418 346.698 8.5384 108.379 91.1262 11.2971 8.60269 17.3277 62.4368 486.969
internal_count=93644 11524 82120 8387 7375 3137 81190 2201 5784 3758 81069 545 873 80524 2026 443 1591 1422 930 2885 1665 1100 427 936 863 741 602 2584 1012 80355
is_linear=0
shrinkage=0.05


Tree=9
num_leaves=31
num_cat=0
split_feature=4 4 3 4 3 3 1 18 8 7 4 1 0 1 4 0 0 3 3 2 3 20 1 0 3 4 4 4 0 2
split_gain=1132.38 79.6593 16.1835 11.7019 11.2054 7.95174 9.54671 7.46249 4.28125 5.06654 3.69786 3.43955 3.27154 2.61892 2.60856 2.56362 2.12892 1.7357 1.72679 2.49909 2.57246 2.1751 2.16504 1.71532 1.53718 1.48453 1.34931 1.12502 1.06008 1.0272
threshold=0.015442162752151491 0.026842639781534675 18.500000000000004 0.021847793832421306 4.5000000000000009 3.5000000000000004 4.5000000000000009 0.55000001192092907 12.000000000000002 33.500000000000007 0.016954645514488224 6.5000000000000009 20.082803726196293 54.500000000000007 0.023992075584828857 18.395681381225589 8.8441534042358416 10.500000000000002 16.500000000000004 0.81148079037666332 32.500000000000007 0.36666667461395269 22.500000000000004 17.36290264129639 45.500000000000007 0.017611199989914898 0.016339040361344818 0.019539137370884422 15.723419189453127 0.85429322719573986
decision_type=2 2 2 2 2 2 2 2 2 2 2 2 2 2 2 2 2 2 2 2 2 2 2 2 2 2 2 2 2 2
left_child=2 3 17 5 12 -2 -7 8 11 -10 16 -4 -3 14 24 23 26 -1 -12 21 -21 25 -22 28 -5 -20 -8 -27 29 -6
right_child=1 4 7 13 15 6 10 -9 9 -11 18 -13 -14 -15 -16 -17 -18 -19 19 20 22 -23 -24 -25 -26 27 -28 -29 -30 -31
leaf_value=0.0078186998217837991 0.039775515666001723 0.036709005537989947 0.0039119964475153477 0.0015175778198982847 0.011324023014129624 0.038694401095609093 -0.028444569017129967 0.021344055644100236 -0.052510272367501304 0.031915361116038821 0.010230818489133072 -0.061839041863847699 0.055638051948903561 0.042093245989236527 0.024368610874776809 0.041570976685873846 -0.047819499641204799 -0.023368780628547556 0.03766209274323476 -0.0029788905883345153 -0.0067404937692438233 -0.024337004855858525 -0.042605933870532652 0.0090820166443661265 0.023963007332789731 -0.0178674189057853 0.016199601731287722 0.017102317998541831 0.04320230196549666 0.035210258097837059
leaf_weight=7.5360366238746819 9.493154979310928 33.507441824302077 1.8814377188682545 27.16126060494571 11.233435603789987 9.3879816988483054 2.2834420935832886 2.3090445387642822 2.6725965135265133 2.5204851441085339 11.208332996815441 474.94484272316913 293.12154415808618 14.050797022879122 75.926522650755942 174.88824199698865 9.1542161029647087 8.7218447846826148 3.9789695311337692 16.015755229309434 6.9617680190131095 3.4516436089761546 11.623840500862569 11.377134595066307 9.6898503121919912 3.0950847407802939 2.5617121409159154 4.2620660560205579 14.493816910311578 8.5887615866959077
leaf_count=259 67 196 61 956 152 96 218 121 497 48 317 80463 792 119 1492 1483 1309 671 109 897 391 245 1674 88 210 239 115 149 123 87
internal_value=0 0.0375849 -0.0589949 0.012127 0.0477934 -0.00130443 -0.00636126 -0.0606405 -0.0610766 -0.012997 -0.0124683 -0.061572 0.0538142 0.0219593 0.019103 0.0386755 -0.0347526 -0.00929702 -0.00683957 -0.0108397 -0.0180388 0.00608089 -0.0302016 0.0269404 0.00789667 0.0165646 -0.00610724 0.00201324 0.0324364 0.0228676
internal_weight=0 767.517 500.586 220.306 547.21 93.478 83.9848 484.328 482.019 5.19308 74.5968 476.826 326.629 126.828 112.778 220.581 13.9994 16.2579 60.5975 49.3891 34.6014 14.7878 18.5856 45.6931 36.8511 11.3361 4.84515 7.35715 34.316 19.8222
internal_count=93644 11524 82120 8603 2921 5826 5759 81190 81069 545 5663 80524 988 2777 2658 1933 1642 930 4021 3704 2962 742 2065 450 1166 497 333 388 362 239
is_linear=0
shrinkage=0.05


Tree=10
num_leaves=31
num_cat=0
split_feature=4 4 4 3 3 1 4 18 0 8 7 3 2 2 4 2 1 7 3 3 3 1 8 3 19 20 0 7 3 1
split_gain=1063.27 83.5411 14.796 13.0543 8.97174 8.70668 7.8056 6.95559 5.58683 4.18626 4.75692 3.50591 4.75417 2.9431 2.62749 2.46998 3.06539 1.99588 1.70313 1.65558 1.55074 1.46906 1.46269 2.96853 1.41142 1.38812 1.36306 1.53912 1.2818 1.24942
threshold=0.015143523924052717 0.027608533389866356 0.021847793832421306 18.500000000000004 3.5000000000000004 6.5000000000000009 0.03009128570556641 0.55000001192092907 20.528112411499027 12.000000000000002 33.500000000000007 31.500000000000004 0.81864127516746532 0.83693829178810131 0.016954645514488224 0.85111221671104442 11.500000000000002 16.500000000000004 50.500000000000007 13.500000000000002 27.500000000000004 22.500000000000004 1.5000000000000002 64.500000000000014 1.0000000180025095e-35 0.36666667461395269 12.166847705841066 24.500000000000004 55.500000000000007 28.500000000000004
decision_type=2 2 2 2 2 2 2 2 2 2 2 2 2 2 2 2 2 2 2 2 2 2 2 2 2 2 2 2 2 2
left_child=3 2 4 17 -2 -6 -3 9 -8 22 -11 13 14 20 21 16 -4 -1 -16 -17 -7 -13 23 28 -14 -20 27 -18 -5 -21
right_child=1 6 15 7 5 11 8 -9 -10 10 -12 12 24 -15 18 19 26 -19 25 29 -22 -23 -24 -25 -26 -27 -28 -29 -30 -31
leaf_value=-0.022697738337707857 0.040507360712617763 0.038043980330472411 0.028954002521096513 -0.019338630363169119 0.030285930967639887 -0.03336728360643517 0.030006216650327211 0.018857236750291644 0.054175224108295172 -0.050876571583706245 0.030999404824549815 0.014510724540707494 -0.043396088739257904 0.0086740906359654129 -0.031547695917380866 0.035348540368560007 -0.020997619063244332 0.014031704303550375 0.016836935385733536 0.024274490812065203 0.0082607881255140989 -0.043686839582784548 -0.060663123568703216 -0.052714212420855888 0.0013903973229125483 -0.014559039428917654 0.012462861614224174 0.015080056128417544 0.027852149252998934 0.00091459936823630635
leaf_weight=9.0098074537236226 10.352407835423945 151.71854079328477 27.96960878232494 2.620795449241994 12.696312975604085 7.1960557606071216 30.220013168640435 2.4158602502429849 336.2596329189837 2.632812966592609 2.5403171852231026 0.82770343311131256 18.287438116662091 24.029848107718863 2.06665433617309 46.407820160500705 6.5399236199446005 5.0252911602146915 12.430053746793421 34.03042803122662 2.6092666226904839 4.6220004911301658 448.91180300991982 7.8738409955985844 1.868598959816153 3.912507470464333 39.016214015166042 3.9642664836719632 1.3884663362987337 6.9379747356288126
leaf_count=657 70 1300 416 236 193 453 144 124 1079 506 45 26 2576 951 205 546 243 189 525 703 150 657 79055 921 173 268 998 88 58 235
internal_value=0 0.0365103 0.0136499 -0.0577504 -0.00143412 -0.0066195 0.0481857 -0.0591733 0.0522693 -0.0596174 -0.012162 -0.012946 -0.022087 -0.000762263 -0.0064859 0.0228343 0.0159771 -0.00948812 0.00298073 0.0286661 -0.0225504 -0.0339684 -0.0601226 -0.0365808 -0.0393746 0.00891446 0.0082196 -0.00725466 -0.000698168 0.0204346
internal_weight=0 783.963 265.765 482.419 100.899 90.5464 518.198 468.384 366.48 465.968 5.17313 77.8501 44.015 33.8352 23.8589 164.866 77.49 14.0351 18.4092 87.3762 9.80532 5.4497 460.795 11.8831 20.156 16.3426 49.5204 10.5042 4.00926 40.9684
internal_count=93790 11999 9476 81791 6247 6177 2523 80945 1223 80821 551 5984 4430 1554 1681 3229 1745 846 998 1484 603 683 80270 1215 2749 793 1329 331 294 938
is_linear=0
shrinkage=0.05


Tree=11
num_leaves=31
num_cat=0
split_feature=4 4 4 3 3 4 18 3 8 7 4 8 3 3 3 4 3 3 4 0 0 3 7 7 18 3 18 19 3 0
split_gain=972.163 78.1495 13.4363 12.0951 7.95699 7.53104 7.1083 6.16037 4.02605 4.22035 3.53907 2.64546 5.00358 2.77149 2.1591 2.08054 1.79268 1.67861 2.59332 1.84957 1.30888 2.26034 1.61408 2.46931 1.48365 1.18499 0.982575 0.950136 0.949437 1.34483
threshold=0.015143523924052717 0.027608533389866356 0.021847793832421306 18.500000000000004 3.5000000000000004 0.031408416107296951 0.55000001192092907 200.50000000000003 12.000000000000002 33.500000000000007 0.019539137370884422 1.5000000000000002 64.500000000000014 57.500000000000007 28.500000000000004 0.029254763387143615 10.500000000000002 13.500000000000002 0.023992075584828857 12.166847705841066 8.6058325767517108 93.500000000000014 10.500000000000002 9.5000000000000018 0.23611111193895343 45.500000000000007 0.30952382087707525 1.0000000180025095e-35 121.50000000000001 10.783055305480959
decision_type=2 2 2 2 2 2 2 2 2 2 2 2 2 2 2 2 2 2 2 2 2 2 2 2 2 2 2 2 2 2
left_child=3 2 4 16 -2 15 8 10 11 -10 14 12 13 -5 -6 -3 -1 -4 19 -19 21 -16 23 -22 -24 -21 27 -20 29 -12
right_child=1 5 17 6 7 -7 -8 -9 9 -11 28 -13 -14 -15 20 -17 -18 18 26 25 22 -23 24 -25 -26 -27 -28 -29 -30 -31
leaf_value=0.011848149452568698 0.038219470508943254 0.032969339159284301 0.028636100832247866 -0.021647175017345338 -0.0044891774661138147 0.05312421810633268 0.018897571108538316 0.028594964850560692 -0.049141687083448633 0.027965113351387145 0.011805797406506112 -0.05926297528890833 -0.054170616813111132 0.043253082869172135 -0.027650911901015058 0.043637943437385973 -0.022712025230824422 -0.02217332206289474 0.017385460942688166 0.0033383509889745658 -0.03180629188866696 0.033491263324101711 -0.041697974274679868 0.023779964105243943 0.0058718020178788622 0.024266598887688007 0.038274004356981584 0.038773033646585117 0.026004705230284277 -0.0090600571459965636
leaf_weight=5.3429940938949576 10.205445343628524 87.995858071371913 58.07278168387711 2.7482792246155423 15.672774142585693 239.69213102944195 2.5877123033860689 10.117356428410856 2.5349848826881489 2.6433667642995715 11.126695441547783 434.58610201840929 7.6145151327364147 1.9761695452034471 2.4533057459048022 182.35572538245469 8.6316761776106414 4.1026954753324381 54.889515914022923 20.653145181626318 3.4260689545044469 1.6891025886870918 18.828149838780522 2.6943052437854931 1.5364393873605866 9.3540713079273683 9.4522897861897928 5.7909705247730008 2.4656270872801533 20.300490424517193
leaf_count=181 70 863 789 248 736 583 124 142 506 45 398 79055 921 46 315 1077 665 198 1083 729 444 35 2527 145 114 191 152 87 41 1280
internal_value=0 0.0350191 0.0128052 -0.0561694 -0.0015626 0.0464187 -0.0575768 -0.00642747 -0.0580552 -0.0116257 -0.0111438 -0.058566 -0.0314166 0.00831326 -0.0199809 0.0402998 -0.00958967 0.0216577 0.0175349 0.00599261 -0.0275158 -0.00105507 -0.0314654 -0.00743309 -0.0380021 0.0104345 0.0229855 0.0200221 0.00115509 -0.00153631
internal_weight=0 772.875 262.831 468.666 100.516 510.044 454.691 90.3103 452.103 5.17835 80.193 446.925 12.339 4.72445 46.3001 270.352 13.9747 162.315 104.243 34.1099 30.6274 4.14241 26.485 6.12037 20.3646 30.0072 70.1328 60.6805 33.8928 31.4272
internal_count=93790 11999 9476 81791 6247 2523 80945 6177 80821 551 6035 80270 1215 294 4316 1940 846 3229 2440 1118 3580 350 3230 589 2641 920 1322 1170 1719 1678
is_linear=0
shrinkage=0.05


Tree=12
num_leaves=31
num_cat=0
split_feature=4 4 3 3 4 3 1 0 18 8 7 7 3 1 2 2 2 1 1 8 3 3 0 0 3 3 0 2 7 1
split_gain=896.724 74.2297 11.7309 9.92834 9.08113 7.09411 6.69971 6.60512 6.08304 3.79243 3.75112 2.51074 2.32054 4.91054 3.18834 3.06133 2.46032 2.24544 2.04259 1.71397 3.71348 1.86534 1.68908 1.68587 1.58131 1.27338 1.24952 1.22777 1.18629 1.04908
threshold=0.015143523924052717 0.026842639781534675 18.500000000000004 6.5000000000000009 0.021847793832421306 3.5000000000000004 4.5000000000000009 20.082803726196293 0.55000001192092907 12.000000000000002 33.500000000000007 7.5000000000000009 31.500000000000004 23.500000000000004 0.80885392427444469 0.80380219221115123 0.83693829178810131 48.500000000000007 1.5000000000000002 1.5000000000000002 64.500000000000014 57.500000000000007 15.723419189453127 21.522598266601566 10.500000000000002 27.500000000000004 12.434567928314211 0.80478200316429149 20.500000000000004 7.5000000000000009
decision_type=2 2 2 2 2 2 2 2 2 2 2 2 2 2 2 2 2 2 2 2 2 2 2 2 2 2 2 2 2 2
left_child=2 4 24 7 5 -2 -7 29 9 19 -11 -6 16 26 15 -15 25 23 -9 20 21 -4 -5 -13 -1 -8 -14 -17 -28 -3
right_child=1 3 8 22 11 6 12 18 -10 10 -12 17 13 14 -16 27 -18 -19 -20 -21 -22 -23 -24 -25 -26 -27 28 -29 -30 -31
leaf_value=0.010751226567056354 0.035780967357989697 0.017727497304266631 -0.021621158161901126 0.01521174483521385 -0.010535806195703303 0.031769025565623561 -0.030879380012581777 0.057513528160892773 0.015280915483103969 -0.047585007671089287 0.025545231911778262 0.012238006555402159 0.021180866308083184 -0.032432100825250693 -0.041688924681318504 0.040505849657060194 0.0077320025963957557 0.037594998208589789 0.047324873988444816 -0.05798911152619915 -0.053015167672139679 0.032659127258692272 0.034550434254974824 0.025834732489524715 -0.021635742132891406 0.0068417035831201158 0.0040314599818223927 -0.0045387555850493061 -0.025684432747508874 0.035363153420866128
leaf_weight=5.4177071610465637 10.347469731234012 16.789930753409863 2.543428398203103 14.714027564041315 6.440550736617296 9.3968376815319044 7.0598462149500829 109.69552771747112 2.5585481552407137 2.4382711069192728 2.6674374099820852 67.71659448070568 5.0000691541936275 4.2651386383222434 19.341787376179127 2.2890378686133772 24.132444043265423 15.814680017530916 222.47621216997504 420.44742729008431 7.2237961879000068 1.8697872143238781 141.85575812682509 36.805055855540559 8.5917540852678922 2.6611170131945983 9.5031946597155166 2.4665611903183162 4.0191527432762078 28.900042619556189
leaf_count=181 70 86 248 194 199 99 453 197 124 506 45 1642 145 484 2967 36 951 150 931 79055 921 46 1346 792 665 150 429 186 277 215
internal_value=0 0.0337062 -0.0550013 0.0438711 0.00971449 -0.0015172 -0.00614464 0.0483427 -0.0564353 -0.0568889 -0.0114523 0.0185589 -0.010892 -0.017976 -0.0306954 -0.00531579 -0.000846708 0.02019 0.0508521 -0.0573981 -0.0331466 0.0031611 0.0328411 0.0172253 -0.00922928 -0.0208782 0.00207535 0.0204134 -0.00596122 0.029401
internal_weight=0 761.691 453.758 534.431 227.26 100.483 90.1352 377.862 439.749 437.19 5.10571 126.777 80.7383 46.8849 28.3625 9.02074 33.8534 120.336 332.172 432.084 11.637 4.41322 156.57 104.522 14.0095 9.72096 18.5224 4.7556 13.5223 45.69
internal_count=93790 11999 81791 2969 9030 6247 6177 1429 80945 80821 551 2783 6078 4524 3673 706 1554 2584 1128 80270 1215 294 1540 2434 846 603 851 222 706 301
is_linear=0
shrinkage=0.05


Tree=13
num_leaves=31
num_cat=0
split_feature=4 4 4 3 4 3 1 2 1 8 7 2 1 4 3 1 20 17 1 3 2 2 8 2 2 2 3 2 2 4
split_gain=833.717 72.8536 10.9753 10.6664 8.79888 6.70272 6.10706 3.51644 3.42882 3.4805 3.33482 2.10706 2.49562 2.10031 1.54073 1.48475 1.43217 1.4657 1.39392 2.53425 2.36489 3.02063 1.21454 4.31123 1.15353 1.00956 1.04718 0.969666 1.20656 0.880656
threshold=0.015143523924052717 0.027608533389866356 0.021847793832421306 18.500000000000004 0.031890051439404495 3.5000000000000004 4.5000000000000009 0.8852524757385255 9.5000000000000018 12.000000000000002 33.500000000000007 0.85111221671104442 17.500000000000004 0.019539137370884422 10.500000000000002 50.500000000000007 0.70833334326744091 1.0000000180025095e-35 22.500000000000004 29.500000000000004 0.80885392427444469 0.80380219221115123 1.5000000000000002 0.79795974493026745 0.81710609793663036 0.84371209144592296 23.500000000000004 0.79011991620063793 0.81622770428657543 0.03009128570556641
decision_type=2 2 2 2 2 2 2 2 2 2 2 2 2 2 2 2 2 2 2 2 2 2 2 2 2 2 2 2 2 2
left_child=3 2 5 14 7 -2 -7 16 -5 22 -11 12 -4 18 -1 -13 17 -3 27 25 21 -21 23 -10 -14 26 -20 -8 -29 -9
right_child=1 4 11 8 -6 6 13 29 9 10 -12 15 24 -15 -16 -17 -18 -19 19 20 -22 -23 -24 -25 -26 -27 -28 28 -30 -31
leaf_value=0.0093987595390820702 0.03438121964856846 0.027662364163973503 0.020068344547996358 0.010087423947874792 0.053579749980783381 0.030054477028969191 0.016226393663553614 0.036284120574351916 -0.05312808868978456 -0.045953167123789586 0.02398444430634683 0.021386596692144638 0.020635800050804509 -0.00081221596311183651 -0.022564497488375752 0.040446979822530406 0.041756742281609791 0.043673642157627257 -0.032951115510688099 -0.036790349576915231 -0.042494904006067286 0.01822096107719581 -0.056644858034186153 0.0098285072852332192 -0.0033283902795176925 0.0054377083313458235 0.0029442853960777162 -0.034485235139224066 0.0095912410062811704 0.048356700709503923
leaf_weight=5.5172099298797539 10.451770909130571 110.72205892112106 46.818563018925488 1.7097246895427805 167.85564570687711 9.3645869502797705 4.196533444337545 39.782913580536842 7.5681099952198547 2.3170641374308607 2.599677661433816 71.579951104475185 5.2803101763129261 32.326128170476295 8.5010674451477808 13.219191955402492 50.258647197857499 20.292370183393359 3.9006154295057085 3.7058258116012457 15.194310571590902 4.4038292247569188 408.82406060764333 3.5810107118450105 24.150785368081415 9.1067513497546297 3.2119545568712056 2.1674955529160798 2.3839761223644018 99.627843761816621
leaf_count=181 70 854 844 118 361 99 107 361 1005 503 45 1392 107 1699 665 92 339 144 250 465 2522 213 79064 210 794 363 165 170 124 464
internal_value=0 0.0326437 0.011284 -0.0539301 0.0440288 -0.0016887 -0.00621121 0.0388786 -0.05534 -0.0556263 -0.0111706 0.019333 0.0130166 -0.0107416 -0.0101965 0.0247947 0.0337999 0.0304543 -0.0172396 -0.0211474 -0.0313875 -0.00819636 -0.056119 -0.0337623 0.00150792 -0.00546607 -0.0183764 0.000774076 -0.0138297 0.0451946
internal_weight=0 750.002 261.463 440.618 488.539 100.414 89.962 320.684 426.6 424.89 4.91674 161.049 76.2497 80.5974 14.0183 84.7991 181.273 131.014 48.2713 39.5233 23.304 8.10966 419.973 11.1491 29.4311 16.2193 7.11257 8.74801 4.55147 139.411
internal_count=93790 11999 9476 81791 2523 6247 6177 2162 80945 80827 548 3229 1745 6078 846 1484 1337 998 4379 3978 3200 678 80279 1215 901 778 415 401 294 825
is_linear=0
shrinkage=0.05


Tree=14
num_leaves=31
num_cat=0
split_feature=4 4 4 3 4 18 3 1 8 7 4 7 1 18 3 1 4 1 7 7 20 8 3 3 3 20 20 20 3 3
split_gain=773.89 69.6503 11.0242 10.059 7.42845 5.76866 5.73607 5.57991 3.38213 3.00677 2.77329 2.3481 2.15814 1.79358 1.71343 2.31131 1.68751 1.44683 1.43474 1.4312 1.10457 1.10191 2.43526 1.45514 1.0208 0.931842 0.875401 3.69449 1.96194 1.93788
threshold=0.015143523924052717 0.026842639781534675 0.031408416107296951 18.500000000000004 0.021847793832421306 0.55000001192092907 3.5000000000000004 4.5000000000000009 12.000000000000002 33.500000000000007 0.029254763387143615 7.5000000000000009 48.500000000000007 0.23611111193895343 31.500000000000004 23.500000000000004 0.023992075584828857 2.5000000000000004 23.500000000000004 15.500000000000002 0.29166667163372045 1.5000000000000002 64.500000000000014 57.500000000000007 45.500000000000007 0.29166667163372045 0.21111111342906955 0.18333333730697635 89.500000000000014 108.50000000000001
decision_type=2 2 2 2 2 2 2 2 2 2 2 2 2 2 2 2 2 2 2 2 2 2 2 2 2 2 2 2 2 2
left_child=3 4 10 18 6 8 -2 -8 21 -10 -3 -6 16 14 19 -16 24 -4 -1 20 -9 22 23 -5 -13 -18 27 28 -17 -30
right_child=1 2 17 5 11 -7 7 13 9 -11 -12 12 -14 -15 15 26 25 -19 -20 -21 -22 -23 -24 -25 -26 -27 -28 -29 29 -31
leaf_value=-0.017912932731208198 0.031771905944232029 0.028706759997896181 0.053535532322200832 -0.022830209374221543 -0.012084780822301191 0.015173393349316725 0.028845451721891291 -0.023200685645322669 -0.044860651824628985 0.021502048704410803 0.039429374164584349 0.00039252147732835865 0.034867555246755562 0.016893355659258116 -0.0034625740277769443 -0.038971949543779756 0.010271059354318835 0.041775387483271476 0.018519949719360482 0.0063099465128342276 0.0040766850815157187 -0.055827585177364303 -0.049925647343718134 0.026419499273944182 0.018833907155838707 0.023498251307986603 -0.037067359834497653 0.035910683724333418 0.026783809792483505 -0.033513039271066962
leaf_weight=11.441637071548028 10.404512858018277 118.66768232360482 157.69029884412885 2.4700930365361256 6.1650861818343392 2.5772076472640029 9.3464191267266852 9.90361278306227 2.251181040890514 2.7016987791284919 173.80436190124601 25.096504568238743 16.078515390865505 4.8658674265025175 16.423454003757797 8.6454322722856869 21.609306966420263 60.815374404191971 2.5782958641648284 17.453029561787844 5.2264859532006076 394.38538642427011 6.705851876642555 1.6450715428218243 9.7317954730242473 48.097041361965239 12.552350550511617 1.9088255339302129 2.3642689283005907 1.2139635994099078
leaf_count=766 70 1309 360 248 199 124 99 559 506 45 1077 872 150 274 797 1320 458 223 80 720 228 79055 921 46 200 904 1812 55 124 189
internal_value=0 0.031585 0.0418097 -0.0529181 0.00849547 -0.0543328 -0.00167289 -0.00585038 -0.0548054 -0.0111301 0.0351914 0.0164909 0.0180389 -0.0101802 -0.0121182 -0.0185501 0.0151446 0.0504676 -0.0104259 -0.0033097 -0.0141095 -0.0553105 -0.0333356 -0.00182623 0.0059273 0.019601 -0.0273753 -0.0168863 -0.0272232 0.00347542
internal_weight=0 738.064 510.978 426.756 227.086 412.736 100.308 89.9037 410.159 4.95288 292.472 126.778 120.613 80.5573 75.6914 43.1083 104.535 218.506 14.0199 32.5831 15.1301 405.206 10.821 4.11516 34.8283 69.7063 26.6848 14.1325 12.2237 3.57823
internal_count=93790 11999 2969 81791 9030 80945 6247 6177 80821 551 2386 2783 2584 6078 5804 4297 2434 583 846 1507 787 80270 1215 294 1072 1362 3500 1688 1633 313
is_linear=0
shrinkage=0.05


Tree=15
num_leaves=31
num_cat=0
split_feature=4 4 3 4 18 3 3 0 1 3 2 0 2 4 0 4 2 7 1 2 2 0 0 3 1 17 2 0 7 7
split_gain=707.835 70.5743 11.7757 8.07118 7.78336 6.19833 5.779 4.48675 4.47026 2.47021 2.29457 2.61519 2.07786 2.22687 2.00452 1.92012 1.9163 1.80449 1.40921 1.26635 2.0594 1.24512 1.74159 1.73151 1.29014 1.04239 1.05922 1.54597 1.20411 1.00081
threshold=0.014684495516121389 0.026382579468190673 6.5000000000000009 0.02091846335679293 0.55000001192092907 10.500000000000002 18.500000000000004 20.082803726196293 23.500000000000004 29.500000000000004 0.85317218303680431 20.528112411499027 0.80885392427444469 0.016954645514488224 15.723419189453127 0.031890051439404495 0.80380219221115123 18.500000000000004 57.500000000000007 0.8157712221145631 0.8102344572544099 12.303657531738283 17.648029327392582 145.50000000000003 6.5000000000000009 1.0000000180025095e-35 0.83609783649444591 13.164791107177736 20.500000000000004 12.500000000000002
decision_type=2 2 2 2 2 2 2 2 2 2 2 2 2 2 2 2 2 2 2 2 2 2 2 2 2 2 2 2 2 2
left_child=4 3 7 5 6 29 -1 -3 21 -10 11 19 13 -11 -4 -9 -15 -13 -12 20 -5 -7 23 -23 -24 26 27 -21 -28 -2
right_child=1 2 14 10 -6 8 -8 15 9 12 18 17 -14 16 -16 -17 -18 -19 -20 25 -22 22 24 -25 -26 -27 28 -29 -30 -31
leaf_value=-0.016575880058518865 0.0068424966661431996 0.029367434729037602 0.011943022724243274 -0.0045282278589712805 0.023006456521252171 0.025348941565810992 -0.054016490958355402 0.042711763249401534 -0.0063724002293197414 -0.035796687548214849 0.016337172254094642 0.034842176630409331 -0.038893302441727701 -0.018399084275909524 0.030669853605275871 0.052386023435360897 0.032226265717010406 0.0036373116498314879 0.035187176378704534 -0.036857124762753317 0.033630564834255958 0.0021815681952518282 0.025573396377257352 -0.042376707889379368 -0.0090077434735335495 0.021836489569655577 -0.0068499002365262482 -0.0037844725731540035 0.016866664822491974 0.030410021656556485
leaf_weight=11.700670583755707 9.4068098189309257 44.3418327588588 17.777741042897105 6.5974469808861596 2.8813371974974862 5.081638301722708 392.44675447733607 149.6064019780606 18.830888131982647 3.4276630742242578 44.269809849560261 11.521433716174217 19.427089827862801 2.5315294861793518 143.90394146367908 150.56852317228913 3.135463357437402 7.7603870640741652 13.839517538435755 4.3079383648000649 6.1340669170022011 4.7732877846574437 5.9575846334919316 2.8759975623106584 3.7400529837468639 2.9696277268230906 13.044397784397008 11.384778852574525 7.6703881585854097 9.207762483507393
leaf_count=794 210 299 261 197 117 121 80295 778 944 511 1063 200 3294 220 1488 343 88 231 123 239 90 226 77 171 247 67 441 368 205 128
internal_value=0 0.0299419 0.0401672 0.00611218 -0.0523832 -0.00550009 -0.0529761 0.0454517 -0.0123382 -0.0209099 0.0140201 0.00784459 -0.029967 -0.00893562 0.0286968 0.0477222 0.0102435 0.0230817 0.0213459 0.00187794 0.014967 0.00587905 -0.000895262 -0.0175341 0.0126413 -0.00261992 -0.00514515 -0.0145276 0.00230432 0.0194563
internal_weight=0 724.094 506.198 217.896 407.029 88.3958 404.147 344.517 69.7812 47.3526 129.5 71.3905 28.5217 9.09466 161.682 300.175 5.66699 19.2818 58.1093 52.1086 12.7315 22.4286 17.3469 7.64929 9.69764 39.3771 36.4075 15.6927 20.7148 18.6146
internal_count=93836 12630 3169 9461 81206 6237 81089 1420 5899 5057 3224 2038 4113 819 1749 1121 308 431 1186 1607 287 842 721 397 324 1320 1253 607 646 338
is_linear=0
shrinkage=0.05


Tree=16
num_leaves=31
num_cat=0
split_feature=4 4 4 4 18 3 3 1 8 7 2 3 8 7 3 1 7 2 2 4 2 20 18 3 3 3 2 10 7 7
split_gain=657.821 66.3455 10.9919 7.84319 7.02472 5.51335 5.50971 4.04266 3.04279 2.66214 2.62888 2.37356 2.23009 1.92977 1.8536 2.28158 2.21595 1.77102 1.61117 1.88742 1.68285 1.46512 1.35654 1.3502 1.70972 1.29585 1.20326 1.02755 0.86802 0.895204
threshold=0.014684495516121389 0.026382579468190673 0.031408416107296951 0.021205529570579532 0.55000001192092907 18.500000000000004 10.500000000000002 23.500000000000004 12.000000000000002 33.500000000000007 0.8852524757385255 29.500000000000004 4.5000000000000009 7.5000000000000009 15.500000000000002 10.500000000000002 14.500000000000002 0.86919096112251293 0.80885392427444469 0.016954645514488224 0.80380219221115123 0.77500000596046459 0.30952382087707525 162.50000000000003 90.500000000000014 145.50000000000003 0.83252188563346874 1.0000000180025095e-35 12.500000000000002 5.5000000000000009
decision_type=2 2 2 2 2 2 2 2 2 2 2 2 2 2 2 2 2 2 2 2 2 2 2 2 2 2 2 2 2 2
left_child=4 3 10 6 5 -1 28 12 27 -10 21 -9 23 -5 -15 16 -16 -17 19 -13 -21 22 26 24 -8 -14 -3 -7 29 -2
right_child=1 2 -4 13 -6 8 7 11 9 -11 -12 18 25 14 15 17 -18 -19 -20 20 -22 -23 -24 -25 -26 -27 -28 -29 -30 -31
leaf_value=-0.016381113332808912 0.020468926098219997 0.0097364802836490405 0.048210512902296436 -0.01232922064278457 0.02052892494887144 -0.045624411831813594 0.01636462055046321 -0.0059427054752911254 -0.04313711977616979 0.020316931236600774 0.039511410795704367 -0.034535784105195942 -0.00082160465239990025 0.023967711261617397 0.040381795800505473 0.00084936941207920951 0.0074209076161211446 0.022771713231187291 -0.036212695330818993 -0.018613432780336388 0.028604934789829919 0.037542811931029291 0.038831465504361375 0.023531897506534054 -0.024738412906190978 -0.048182692881611949 0.025616852491291794 -0.055337107501858024 0.028086068048713282 -0.0077991535845748326
leaf_weight=11.610938531346617 4.4817965822294372 15.148958143778144 200.57702396810055 5.8968621196690938 2.8700451934710136 70.087674088194035 4.605233943322677 20.299908781424165 2.1296316357329479 2.6141126081347466 101.89773862250149 3.366504145087676 3.2737390758702523 41.041640657931566 9.9383776090107876 46.120519866468385 10.591296242084352 10.539042295422403 19.832216038572369 2.5216004429385066 3.1852213235106319 43.423540500923991 20.042916422709823 11.098101894021966 3.6220309869386256 1.6356140700518151 114.39554298575968 304.11361190374009 9.6342300856485945 4.9219709662720561
leaf_count=794 63 177 568 221 117 12261 157 1007 500 44 774 511 184 634 112 1532 225 282 3367 221 91 371 193 219 215 128 1086 67490 141 151
internal_value=0 0.0289637 0.0390383 0.00584447 -0.0515081 -0.0520886 -0.00514915 -0.0113652 -0.0531367 -0.0107205 0.0326582 -0.019472 0.00521404 0.0140107 0.0154168 0.0106219 0.0245117 0.00525128 -0.028457 -0.00959283 0.00807669 0.0288552 0.0261007 0.0128941 -0.0024508 -0.022084 0.0238486 -0.0536444 0.0182001 0.00634579
internal_weight=0 712.092 495.486 216.606 393.426 390.556 92.4782 73.4402 378.945 4.74374 294.909 49.2055 24.2347 124.128 118.231 77.1892 20.5297 56.6596 28.9055 9.07333 5.70682 193.011 149.587 19.3254 8.22726 4.90935 129.545 374.201 19.038 9.40377
internal_count=93836 12630 3169 9461 81206 81089 6455 6100 80295 544 2601 5197 903 3006 2785 2151 337 1814 4190 823 312 1827 1456 591 372 312 1263 79751 355 214
is_linear=0
shrinkage=0.05


Tree=17
num_leaves=31
num_cat=0
split_feature=3 1 0 3 3 0 18 1 3 1 3 2 2 1 0 2 7 2 1 3 7 20 1 2 3 0 7 2 0 2
split_gain=546.479 58.9693 53.4395 18.0332 11.9775 8.69125 4.384 3.6339 4.57538 3.48231 2.92438 3.56582 2.39288 2.34093 2.26563 2.17619 3.18597 1.97268 1.748 2.69008 1.33904 1.67348 1.25497 1.17204 1.44461 1.09219 1.32399 1.04973 1.04922 1.0054
threshold=33.500000000000007 23.500000000000004 14.282181262969972 6.5000000000000009 10.500000000000002 8.2671422958374041 0.55000001192092907 6.5000000000000009 187.50000000000003 17.500000000000004 60.500000000000007 0.80402591824531566 0.80380219221115123 2.5000000000000004 25.297482490539554 0.85111221671104442 22.500000000000004 0.83151942491531383 32.500000000000007 113.50000000000001 15.500000000000002 0.29166667163372045 69.500000000000014 0.78234675526618969 57.500000000000007 29.331159591674808 13.500000000000002 0.86690816283226024 12.303657531738283 0.84779083728790294
decision_type=2 2 2 2 2 2 2 2 2 2 2 2 2 2 2 2 2 2 2 2 2 2 2 2 2 2 2 2 2 2
left_child=2 7 4 13 15 29 10 -2 -9 25 11 12 23 -4 -10 16 17 -1 19 -12 27 28 -13 -3 -25 26 -5 -7 -22 -6
right_child=1 6 3 9 5 20 -8 8 14 -11 18 22 -14 -15 -16 -17 -18 -19 -20 -21 21 -23 -24 24 -26 -27 -28 -29 -30 -31
leaf_value=0.0087148817906761936 0.020544767606886321 0.011279843330568104 0.049178806936334481 0.03203713886425117 -0.043566267854560053 -0.014472087857985616 0.010926177578968705 0.0036140092280430853 -0.047654610747609155 0.011086242693491604 0.0063320327399204283 -0.023236514320774376 0.038808959100511353 0.039324729395882801 0.0222100827280961 0.02467577725315576 0.031643248826218502 -0.024572981880142269 -0.052709370220409793 -0.045606475869046204 0.0025243601483396095 0.018414941291432601 -0.050567366979703335 -0.039848664428481007 0.010199238559758225 0.034107147136597134 0.019448823057090864 0.016697699666104467 -0.029035276849288801 -0.011566639435754596
leaf_weight=8.3918847781606072 20.352340465411544 1.9350199685431979 146.00683649070561 37.884465776383877 18.716086797532629 18.086204907856885 2.6069783183629616 30.566872289928142 6.4203012858633874 40.472846974676941 3.7249346293392573 8.5408480215119216 1.2999023129232234 174.97703606728464 0.77023394196294237 33.541427263990045 6.4186302674934259 7.6420912174507967 327.82405788946198 5.4047374980873428 8.1548041570931691 12.778588318848049 21.305326720961602 4.6889938019448891 1.4651165596442295 55.029535137116909 65.827402609866112 2.2903314095456144 2.7947736454661927 3.8151003864622899
leaf_count=197 317 226 373 417 2483 846 146 1136 1231 1118 297 1173 25 989 23 378 75 203 72100 1263 338 373 5030 887 150 626 788 63 115 450
internal_value=0 -0.0428065 0.029594 0.0365813 -0.000102679 -0.0143307 -0.0499839 0.00403431 -0.00516576 0.0245549 -0.0504339 -0.0355115 -0.00762276 0.0439459 -0.0383729 0.0167837 0.00444457 -0.00766191 -0.0520612 -0.0258823 -0.00121089 0.00673967 -0.0437532 -0.0185331 -0.0281735 0.027898 0.0243092 -0.0103514 -0.00728664 -0.0388697
internal_weight=0 436.906 642.828 520.198 122.63 66.6359 378.796 58.1097 37.7574 199.214 376.189 39.2352 9.38903 320.984 7.19054 55.994 22.4526 16.034 336.954 9.12967 44.1047 23.7282 29.8462 8.08913 6.15411 158.741 103.712 20.3765 10.9496 22.5312
internal_count=93836 84004 9832 4311 5521 4668 81297 2707 2390 2949 81151 7491 1288 1362 1254 853 475 400 73660 1560 1735 826 6203 1263 1037 1831 1205 909 453 2933
is_linear=0
shrinkage=0.05


Tree=18
num_leaves=31
num_cat=0
split_feature=3 1 1 2 3 18 3 3 8 1 3 0 2 2 7 1 7 8 1 3 3 8 20 0 3 3 0 2 0 3
split_gain=521.879 54.8331 49.933 11.9443 10.1346 4.1788 3.83876 3.54147 3.51307 3.3552 4.40953 3.34 3.32778 3.24298 3.77188 2.60527 2.45388 2.16305 2.09794 2.52257 2.03473 1.94463 1.82562 1.65752 1.41171 1.2819 1.20687 1.20471 1.01232 0.985951
threshold=37.500000000000007 23.500000000000004 13.500000000000002 0.84941488504409801 6.5000000000000009 0.55000001192092907 13.500000000000002 60.500000000000007 12.000000000000002 38.500000000000007 3.5000000000000004 23.188898086547855 0.80478200316429149 0.77850371599197399 15.500000000000002 6.5000000000000009 33.500000000000007 4.5000000000000009 32.500000000000007 113.50000000000001 187.50000000000003 1.5000000000000002 0.29166667163372045 25.297482490539554 31.500000000000004 23.500000000000004 15.233170032501222 0.81776079535484325 29.331159591674808 90.500000000000014
decision_type=2 2 2 2 2 2 2 2 2 2 2 2 2 2 2 2 2 2 2 2 2 2 2 2 2 2 2 2 2 2
left_child=2 15 4 9 11 7 -5 12 18 25 -11 -1 17 -12 -15 -2 -10 21 19 29 -17 -3 -8 -22 -16 27 -6 -4 -24 -9
right_child=1 5 3 6 26 -7 22 8 16 10 13 -13 -14 14 24 20 -18 -19 -20 -21 23 -23 28 -25 -26 -27 -28 -29 -30 -31
leaf_value=0.030725570698774508 0.018846463770697378 0.012741017247129323 0.031880008707215891 0.025115297568655721 0.0086374777568073054 0.010090101206923011 -0.0098651024728211197 -0.017404519677431521 -0.039869840557228538 0.02564676537416366 0.022329708472077138 0.045911684525587283 -0.043233896624374935 -0.03572393532896314 -0.00053385833364128323 0.0023539134054426313 0.023403298177628894 0.023431643534430561 -0.053905485211093597 -0.044708673586513127 -0.036823450130774669 -0.038417901829971353 0.0075418048685695852 0.021928789882029832 -0.036540123006354897 -0.0072491892587635502 0.027838831488574352 0.0059376658669429254 0.031408781724254674 0.024310247504401875
leaf_weight=53.116313615813851 18.929142587352544 2.1867445558309537 4.9780463464558151 76.739487341837958 9.9263549847528321 2.5240240963175884 12.085890902177196 1.6842365318443611 1.7840744662098575 5.5010636169463387 3.6514509352855375 243.5772127173841 23.12613110204984 23.318747143086512 17.826948936562989 26.369513320794795 2.4434778294526041 2.9253318295814097 311.99190811753215 5.1585169822792523 5.4637392315780735 4.5659710518084466 22.358943634404572 0.77560675842687477 2.2195293672266407 12.021504616015589 129.19817168591544 20.581260345876217 4.9164477462763889 2.0739539237692952
leaf_count=273 295 132 60 1018 159 137 751 196 443 44 138 948 5244 2748 1096 1017 41 281 71629 1251 1231 798 793 23 489 490 1423 475 113 100
internal_value=0 -0.0435773 0.028451 0.00812659 0.0380265 -0.0504572 0.0186622 -0.0509111 -0.0525845 -0.00550536 -0.0135629 0.0433053 -0.0332598 -0.0185891 -0.0224603 0.004586 -0.00581761 -0.0076094 -0.0531806 -0.0249406 -0.00400653 -0.0223445 0.00577046 -0.0274998 -0.00606719 0.00581447 0.0265403 0.0120004 0.0128025 0.00588685
internal_weight=0 412.002 642.017 206.199 435.818 360.464 116.101 357.94 325.136 90.0986 52.5177 296.694 32.8042 47.0167 43.3652 51.538 4.22755 9.67805 320.909 8.91671 32.6089 6.75272 39.3613 6.23935 20.0465 37.5808 139.125 25.5593 27.2754 3.75819
internal_count=93836 82818 11018 8215 2803 80252 2675 80115 73660 5540 4515 1221 6455 4471 4333 2566 484 1211 73176 1547 2271 930 1657 1254 1585 1025 1582 535 906 296
is_linear=0
shrinkage=0.05


Tree=19
num_leaves=31
num_cat=0
split_feature=4 4 4 4 4 18 8 0 2 4 0 1 0 0 4 0 8 4 2 1 8 18 20 4 2 0 2 2 2 1
split_gain=533.135 54.7975 8.22418 7.63289 6.94272 5.80564 4.04197 3.65158 3.31322 3.43502 3.09355 3.03823 2.56168 2.1384 2.01506 1.73085 1.72919 1.72349 1.6663 2.32339 1.45545 1.39671 1.89766 1.35765 1.27228 1.12816 1.30342 1.18663 0.950682 1.29275
threshold=0.015143523924052717 0.027217182330787185 0.031408416107296951 0.021205529570579532 0.0094340671785175818 0.55000001192092907 12.000000000000002 5.176419973373414 0.80402591824531566 0.013513822108507158 9.1452350616455096 19.500000000000004 14.282181262969972 25.297482490539554 0.010417231824249031 27.171029090881351 4.5000000000000009 0.020106837153434757 0.85429322719573986 8.5000000000000018 16.500000000000004 0.45000000298023229 0.63333335518836986 0.02325720060616732 0.78234675526618969 13.961151123046877 0.84853035211563121 0.80725187063217174 0.86690816283226024 31.500000000000004
decision_type=2 2 2 2 2 2 2 2 2 2 2 2 2 2 2 2 2 2 2 2 2 2 2 2 2 2 2 2 2 2
left_child=4 3 12 10 5 6 -1 8 14 -10 28 16 -3 -9 24 -4 -12 25 19 -5 -8 22 -14 -21 -6 26 -13 -27 29 -2
right_child=1 2 15 18 7 -7 20 13 9 -11 11 17 21 -15 -16 -17 -18 -19 -20 23 -22 -23 -24 -25 -26 27 -28 -29 -30 -31
leaf_value=-0.053993626344513303 0.032769397657758645 0.0085356663644277284 0.032952497419621411 0.024024789678533984 0.041337558662187107 0.027074573908228136 0.016779164389003638 -0.046920253655400757 -0.042241672386864521 -0.0013209387304564276 0.012886886198167222 -0.039062181486011191 0.02473814357704969 0.016647433940378049 -0.016904477589568187 0.047615107819267893 -0.02182506297159062 -0.0018498941437355366 0.019436088399234382 -0.0061000936543978979 -0.034257606817944 0.041989167807373808 0.035345868481138736 0.0091161297118071746 -0.00732825192874525 0.014282999202246386 -0.0059588977148687028 -0.020371829709799713 0.032691756583217567 0.000380754928724643
leaf_weight=279.17939277703408 2.5972286327742102 13.223060581833122 35.558072727173567 18.267776791937649 2.8208640180528146 1.701968575362115 2.7635371987707904 36.660615206506918 17.22754237649497 7.2281634578248477 14.69891667366028 14.605620230940991 104.34664774476551 0.9029879393056025 4.9096961591858417 151.96947296336293 3.685996832093223 10.776663433643987 69.259939690353349 21.012178598553874 1.2270859973505142 35.686616241931915 94.470103293657303 43.548019413370639 1.6658675759099422 2.7549741639522818 4.1716632820898658 6.9246387964813039 2.6657782834954551 21.632669257582165
leaf_count=66492 46 161 125 266 100 45 211 9774 3745 360 363 2059 907 56 548 443 209 641 1333 850 224 306 768 1016 298 182 275 995 36 1002
internal_value=0 0.0264654 0.0369756 0.0070567 -0.0491077 -0.0527085 -0.0532816 -0.0342148 -0.0212992 -0.0306741 -0.00495385 -0.0114292 0.0307261 -0.0450001 0.00370403 0.0450244 0.00516061 -0.0191382 0.0137196 0.00876478 -0.00263407 0.0319358 0.0299302 0.00414625 0.0252261 -0.0254003 -0.0323809 -0.0100947 0.00883066 0.00501375
internal_weight=0 671.856 435.254 236.602 356.288 284.872 283.17 71.4157 33.8521 24.4557 84.5141 57.6185 247.726 37.5636 9.39643 187.528 18.3849 39.2336 152.088 82.828 3.99062 234.503 198.817 64.5602 4.48673 28.4569 18.7773 9.67961 26.8957 24.2299
internal_count=93836 11983 2710 9273 81853 66972 66927 14881 5051 4105 5808 4724 2142 9830 946 568 572 4152 3465 2132 435 1981 1675 1866 398 3511 2334 1177 1084 1048
is_linear=0
shrinkage=0.05


Tree=20
num_leaves=31
num_cat=0
split_feature=4 4 3 3 18 4 0 4 0 8 4 10 2 7 4 0 18 7 0 18 3 0 7 7 2 0 4 2 18 20
split_gain=484.522 47.3221 13.0762 9.14326 6.68772 5.04193 4.49184 4.26375 4.23786 3.19164 3.51161 2.81722 3.27662 1.88462 3.08738 1.83131 1.80906 2.71305 1.79983 1.55751 1.29366 1.22567 2.96187 2.43386 2.08349 1.81485 1.72525 1.41253 1.18342 2.27515
threshold=0.015814068727195266 0.027217182330787185 40.500000000000007 4.5000000000000009 0.55000001192092907 0.022506050765514377 20.082803726196293 0.015143523924052717 3.0861763954162602 12.000000000000002 0.0044944048859179029 1.0000000180025095e-35 0.85549303889274608 22.500000000000004 0.010417231824249031 19.039817810058597 0.45000000298023229 7.5000000000000009 15.723419189453127 0.23611111193895343 4.5000000000000009 13.268121719360353 19.500000000000004 20.500000000000004 0.86690816283226024 9.7784972190856951 0.019825734198093418 0.82100033760070812 0.45000000298023229 0.42222222685813909
decision_type=2 2 2 2 2 2 2 2 2 2 2 2 2 2 2 2 2 2 2 2 2 2 2 2 2 2 2 2 2 2
left_child=2 5 11 6 7 8 -3 9 -2 -4 -11 13 -13 14 -1 -9 17 -7 -5 21 -19 23 27 24 -10 -25 -27 -23 29 -20
right_child=1 3 4 18 -6 16 -8 15 19 10 -12 12 -14 -15 -16 -17 -18 20 28 -21 -22 22 -24 25 -26 26 -28 -29 -30 -31
leaf_value=0.031681607045136194 0.029220208966973821 0.022233652759451102 -0.052476039527165855 0.0088472291763503196 0.017877817320899572 -0.021424219509986145 0.044124538209323133 -0.02617279648995385 -0.024171193214155978 0.029258794827192642 -0.045105766563106588 -0.037525274710860292 0.011807904726318062 0.034193210316778196 -0.022906103964896216 0.021793238702097928 0.031383911485797299 0.030650901963122052 0.014204010995051126 0.018686443864155369 0.011146277536489496 0.020705665544857237 -0.018675300954365166 0.018294043155794203 0.016975391172072429 -0.037098349593729166 0.0055577354115317378 -0.0027191905988809815 0.038306354019132613 0.029429529615106254
leaf_weight=2.6388191046426064 9.0423102257773262 29.866442375350744 305.80473399058974 14.65488551976159 3.1075608972460023 5.1462585157714775 216.1223013382405 4.7281120434636241 28.09616992984957 2.3251799892168483 2.0705612844321877 15.891843540041011 3.6969466467853627 2.3839018279686561 8.2388650317443517 2.1468798208516091 11.983104205690323 8.8491124459542316 36.016482070088387 5.5203143004328004 96.482817487732973 13.14127451751847 12.71001707552932 8.6026769191958028 2.7323891439009449 3.0943282867665385 5.1115571082918905 11.430573741090482 26.83815760165453 103.74580413894728
leaf_count=149 58 185 77001 190 124 169 793 621 2175 106 426 2964 251 124 759 70 212 67 359 282 2121 394 997 387 66 428 191 808 257 945
internal_value=0 0.0255008 -0.0471935 0.0352135 -0.0502798 0.00672951 0.0415675 -0.0510019 -0.00163155 -0.0518672 -0.00763737 -0.0165152 -0.0280934 0.00135775 -0.00811124 -0.0103289 0.0134798 0.0112737 0.0264096 -0.00500199 0.0130577 -0.00674147 7.74441e-05 -0.01197 -0.0201055 0.00324256 -0.0128099 0.0101285 0.0278924 0.0256347
internal_weight=0 649.187 353.033 427.244 320.183 221.943 245.989 317.075 99.4816 310.2 4.39574 32.8504 19.5888 13.2616 10.8777 6.87499 122.461 110.478 181.255 90.4393 105.332 84.919 37.2819 47.6371 30.8286 16.8086 8.20589 24.5718 166.6 139.762
internal_count=93679 11084 82595 2729 78348 8355 978 78224 5786 77533 532 4247 3215 1032 908 691 2569 2357 1751 5728 2188 5446 2199 3247 2241 1006 619 1202 1561 1304
is_linear=0
shrinkage=0.05


Tree=21
num_leaves=31
num_cat=0
split_feature=4 4 3 3 4 8 1 4 17 1 2 3 7 8 20 1 2 20 20 17 2 2 3 2 17 7 1 2 2 4
split_gain=448.742 49.9928 11.1378 8.92486 5.76176 3.28547 3.09006 3.05991 2.67501 2.38938 2.37324 2.65038 2.77084 2.24084 2.63432 1.9765 1.77114 1.68636 1.64346 1.73097 1.4297 1.33057 2.51687 1.32579 1.3194 2.49728 1.69738 1.2504 1.23209 1.21539
threshold=0.015143523924052717 0.027217182330787185 45.500000000000007 4.5000000000000009 0.022506050765514377 12.000000000000002 1.5000000000000002 0.0044944048859179029 1.0000000180025095e-35 200.50000000000003 0.78234675526618969 22.500000000000004 22.500000000000004 2.5000000000000004 0.42222222685813909 19.500000000000004 0.8776666820049287 0.23611111193895343 0.70833334326744091 1.0000000180025095e-35 0.85677266120910656 0.82976484298706066 67.500000000000014 0.84708517789840709 1.0000000180025095e-35 7.5000000000000009 48.500000000000007 0.81731554865837108 0.88948285579681408 0.016339040361344818
decision_type=2 2 2 2 2 2 2 2 2 2 2 2 2 2 2 2 2 2 2 2 2 2 2 2 2 2 2 2 2 2
left_child=2 4 10 6 13 8 -3 -7 -4 -10 -1 12 20 14 21 17 29 -15 19 23 -12 22 -2 -5 25 -6 27 -27 -8 -17
right_child=1 3 5 18 24 7 28 -9 9 -11 11 -13 -14 15 -16 16 -18 -19 -20 -21 -22 -23 -24 -25 -26 26 -28 -29 -30 -31
leaf_value=0.012933997487785606 -0.023075968151712877 0.049153563558878927 -0.052068566487050896 0.0087648066216327019 -0.021219323801220831 0.02721055052307908 0.029642030013501137 -0.04271314836817354 -0.033895581736923856 0.024738804599758576 -0.028251421691031155 -0.040124078525808023 0.02440543943620278 -0.012327649290292605 -0.01735609071038368 -0.029164471418117316 0.019583329069374177 0.017257427968378904 0.032618248646583373 0.033879718213294656 0.013970056497277162 0.032309729378214622 0.023486735669974629 0.022143776684709137 0.027336657068125172 0.023798835657418249 0.031534007821028998 0.0075725537415493455 0.040193394842958155 -0.0097336560470849091
leaf_weight=4.3485181631986043 3.7938402987783828 80.631951328366995 286.02123802412825 28.038535704370588 4.9343786640092722 2.4074516727123401 66.574637468904257 1.9139281122479586 3.9241592705948269 1.813109219772741 9.6902036441606487 13.044033667771144 3.670618644624482 6.5835371399298337 5.8391159451566628 9.0491556436754745 3.6032419260009183 12.610431716777383 59.039357054978609 24.019841430708766 1.8237161529250432 8.619257251499219 6.4441440217196941 67.316860184073448 13.139458074234424 13.445921637583522 9.6884136386215669 79.969013982452452 92.526570323854685 53.535936024840339
leaf_count=203 217 183 75195 291 169 106 358 418 806 126 1017 3534 157 253 371 1199 110 364 531 237 106 180 172 692 248 207 84 1861 437 3847
internal_value=0 0.0239337 -0.0476761 0.0342315 0.00524649 -0.05074 0.0406039 -0.00596545 -0.0513806 -0.0144442 -0.0191471 -0.0243625 -0.00918021 -0.00302543 0.00997462 -0.00685756 -0.010921 0.00700179 0.0254904 0.0217235 -0.0209819 0.0188854 0.0057142 0.0183416 0.0127241 0.0107125 0.0124298 0.0101355 0.035991 -0.0129576
internal_weight=0 649.404 328.657 418.148 231.256 296.08 239.733 4.32138 291.759 5.73727 32.5771 28.2286 15.1845 110.079 24.6964 85.3823 66.1883 19.194 178.415 119.375 11.5139 18.8572 10.238 95.3554 121.177 108.038 103.103 93.4149 159.101 62.5851
internal_count=93679 12011 81668 2729 9282 76651 978 524 76127 932 5017 4814 1280 6713 940 5773 5156 617 1751 1220 1123 569 389 983 2569 2321 2152 2068 795 5046
is_linear=0
shrinkage=0.05


Tree=22
num_leaves=31
num_cat=0
split_feature=4 4 4 3 0 18 4 8 3 1 4 4 10 0 0 1 3 3 1 18 0 8 0 4 8 0 1 3 0 8
split_gain=420.412 50.1356 9.47909 8.04914 5.59359 5.33892 4.54519 3.18156 2.59393 3.56271 2.08718 1.87103 1.52496 1.46194 1.40066 2.02297 1.96818 1.36892 1.36022 1.45476 1.38094 1.32687 1.32088 1.25496 1.13113 1.12633 1.08128 1.06646 1.04198 0.987467
threshold=0.014684495516121389 0.026842639781534675 0.03009128570556641 45.500000000000007 20.528112411499027 0.55000001192092907 0.022506050765514377 12.000000000000002 16.500000000000004 19.500000000000004 0.016339040361344818 0.031890051439404495 1.0000000180025095e-35 9.3793067932128924 18.705522537231449 5.5000000000000009 187.50000000000003 55.500000000000007 44.500000000000007 0.45000000298023229 32.030799865722663 16.500000000000004 13.268121719360353 0.0095239174552261847 1.5000000000000002 8.2671422958374041 95.500000000000014 63.500000000000007 14.282181262969972 3.5000000000000004
decision_type=2 2 2 2 2 2 2 2 2 2 2 2 2 2 2 2 2 2 2 2 2 2 2 2 2 2 2 2 2 2
left_child=3 6 -3 12 -4 7 8 24 29 14 -11 -6 -1 17 16 -16 -10 25 19 20 -8 -9 -15 -14 -5 -12 -27 28 -24 -2
right_child=1 2 4 5 11 -7 18 21 9 10 13 -13 23 22 15 -17 -18 -19 -20 -21 -22 -23 27 -25 -26 26 -28 -29 -30 -31
leaf_value=-0.0065202074000186684 0.016896736651518838 0.023185533060650222 0.015513819767517718 -0.025401691155467272 0.036070411543929808 0.014876416585650198 0.0044318300634890728 0.012638011436867193 0.0072840404095400385 -0.036631328045517712 -0.02638042890712769 0.04637295208379974 0.013679907073046466 -0.023425404464265782 0.033429172480448556 -0.0050305948393566191 -0.031660994789645749 0.031513485684861002 0.025784666384348971 0.026401265973622714 0.027007395419055759 -0.035043884981499712 0.021322623995411984 -0.033614532300655656 -0.05211901688108353 -0.014373942014180808 0.025134231767578785 -0.02520837545886323 -0.006204169539500151 -0.0011657727208521929
leaf_weight=11.422145282267595 16.831157687120143 158.41958735883236 24.740234303288162 6.8944959472864857 120.5543955899775 2.7156795840710393 77.14565254986519 2.8991435191128394 10.784842325490901 8.2743006973178108 2.7486033085733634 117.87553862854838 0.99547479324974375 19.811640914951568 7.5895754355005902 5.2948016196023673 3.4924881349434136 2.5958113055676222 12.996012507937847 9.5287141017615777 6.5147799763362846 1.3704868410713968 3.7939966140838832 16.83465719022206 269.23572547572257 2.2240307601168752 2.9341873861849308 3.8541642294730982 11.195714900997698 12.93331909785047
leaf_count=1148 314 1746 141 990 729 115 1878 257 357 1742 238 339 144 1898 74 252 165 86 160 179 126 261 173 3569 74554 179 97 474 959 335
internal_value=0 0.0230261 0.0331117 -0.0476012 0.0389766 -0.0502031 0.00368401 -0.050884 -0.00322444 -0.0076759 -0.014651 0.0413362 -0.0215918 -0.0102947 0.00706919 0.0184002 -0.00369144 0.00582193 0.0110849 0.0087829 0.00648807 -0.00641291 -0.0147099 -0.0303878 -0.051546 -0.00520377 0.00853181 -0.00482815 0.00166084 0.0092654
internal_weight=0 642.134 421.59 312.368 263.17 283.116 220.544 280.4 114.359 84.5942 57.4325 238.43 29.2523 49.1581 27.1617 12.8844 14.2773 10.5026 106.185 93.1891 83.6604 4.26963 38.6555 17.8301 276.13 7.90682 5.15822 18.8439 14.9897 29.7645
internal_count=93679 12641 2955 81038 1209 76177 9686 76062 7343 6694 5846 1068 4861 4104 848 326 522 600 2343 2183 2004 518 3504 3713 75544 514 276 1606 1132 649
is_linear=0
shrinkage=0.05


Tree=23
num_leaves=31
num_cat=0
split_feature=4 4 3 3 4 0 18 8 7 1 3 1 4 0 7 0 1 1 1 18 7 4 8 10 4 7 8 3 7 7
split_gain=389.663 49.22 9.52367 5.74145 4.58991 4.2163 4.18985 3.12283 2.36128 2.33918 2.26532 3.3452 2.07791 1.95833 1.41557 1.46261 1.96203 1.5314 1.38787 1.44754 1.83029 1.26489 1.20164 1.07591 1.1495 1.00324 1.00204 2.48075 0.9576 1.31694
threshold=0.014258293434977533 0.026842639781534675 4.5000000000000009 45.500000000000007 0.022506050765514377 20.082803726196293 0.55000001192092907 12.000000000000002 33.500000000000007 1.5000000000000002 16.500000000000004 23.500000000000004 0.016339040361344818 25.297482490539554 27.500000000000004 17.648029327392582 10.500000000000002 6.5000000000000009 55.500000000000007 0.45000000298023229 8.5000000000000018 0.022865246981382373 1.5000000000000002 1.0000000180025095e-35 0.0095239174552261847 12.500000000000002 3.5000000000000004 2.5000000000000004 19.500000000000004 9.5000000000000018
decision_type=2 2 2 2 2 2 2 2 2 2 2 2 2 2 2 2 2 2 2 2 2 2 2 2 2 2 2 2 2 2
left_child=3 4 5 23 10 -3 7 22 -9 -7 26 14 -13 -4 15 16 -12 -17 19 20 -6 -22 -5 25 -25 -1 27 -2 29 -29
right_child=1 2 13 6 18 9 -8 8 -10 -11 11 12 -14 -15 -16 17 -18 -19 -20 -21 21 -23 -24 24 -26 -27 -28 28 -30 -31
leaf_value=-0.022155342017578281 0.038597162370855365 0.020380203877691884 0.017643279492917441 -0.024521880887143403 -0.01943651527245641 0.049518667089173581 0.010953542151373029 -0.038939570778010038 0.022977518372956942 0.036758317165070539 -0.029917491777299018 -0.03625989893266663 -0.010720247445270531 0.028432803534722335 -0.022204150307970384 0.03079668010284918 0.007620531210723651 -0.0011794694176367622 0.029575968501655114 0.026106349929411399 -0.015344506973546538 0.0098978528252414398 -0.051632409179981548 0.011919297213698299 -0.034996039074164667 0.0071909179118574045 -0.0027913379930184072 0.0089492442822629893 0.019684584529647456 -0.026223311635765963
leaf_weight=5.6017028621863574 5.9403084828518358 29.675831905566156 87.788011881057173 6.8485201243311158 5.4309425808023652 72.771720942109823 2.4894780647009602 1.8412481495179225 2.4019335983321071 125.00787532143295 3.8181659796973717 9.3249507078435254 42.520040465853526 97.757493529468775 3.5109184361062935 8.7504020193591696 11.617328497930428 5.9627071829745537 7.9191024126484981 9.7138333246111852 4.4203585041686884 77.823775874683633 255.74921324761817 0.9496709647355609 14.588032883388221 4.5317794199800119 13.955779223935677 4.9882289748638851 3.7463352256454518 3.9306563562713563
leaf_count=652 25 191 959 990 192 179 111 473 42 615 219 2178 3788 1011 204 98 427 311 61 183 164 1743 74099 144 3429 464 382 132 70 143
internal_value=0 0.0218818 0.0320882 -0.0475405 0.00295196 0.0390015 -0.0497291 -0.050334 -0.00619261 0.0416789 -0.00380601 -0.00805758 -0.0159131 0.0234499 0.0041521 0.0078357 -0.00292031 0.0185875 0.0104932 0.00865664 0.00645072 0.00837312 -0.0510211 -0.0235747 -0.0315812 -0.00956434 0.00726584 0.0145672 0.00129684 -0.00763271
internal_weight=0 636.375 413.001 295.002 223.374 227.455 269.33 266.841 4.24318 197.78 118.066 85.5045 51.845 185.546 33.6595 30.1486 15.4355 14.7131 105.308 97.3889 87.6751 82.2441 262.598 25.6712 15.5377 10.1335 32.5613 18.6055 12.6652 8.91889
internal_count=93679 13275 2955 80404 10320 985 75715 75604 515 794 7977 7225 5966 1970 1259 1055 646 409 2343 2282 2099 1907 75089 4689 3573 1116 752 370 345 275
is_linear=0
shrinkage=0.05


Tree=24
num_leaves=31
num_cat=0
split_feature=4 4 4 0 4 18 4 8 2 7 7 10 1 8 2 7 0 7 4 0 1 20 8 7 0 4 0 2 1 4
split_gain=362.764 47.7033 10.3905 4.43296 3.82814 3.80987 3.95882 3.56277 2.92193 2.51448 2.12317 1.99728 1.98486 2.3236 1.90465 1.72266 1.56387 1.50548 1.96601 1.82035 1.79986 1.44446 1.44012 1.40264 1.38529 2.12659 1.37478 1.29747 1.27829 1.1938
threshold=0.014258293434977533 0.029254763387143615 0.023992075584828857 23.188898086547855 0.031890051439404495 0.55000001192092907 0.0094340671785175818 12.000000000000002 0.86690816283226024 20.500000000000004 33.500000000000007 1.0000000180025095e-35 19.500000000000004 1.5000000000000002 0.8852524757385255 27.500000000000004 29.331159591674808 13.500000000000002 0.016339040361344818 12.807919025421144 53.500000000000007 1.0000000180025095e-35 1.5000000000000002 19.500000000000004 8.9393548965454119 0.018757768906652931 18.705522537231449 0.8611590862274171 200.50000000000003 0.018299428746104244
decision_type=2 2 2 2 2 2 2 2 2 2 2 2 2 2 2 2 2 2 2 2 2 2 2 2 2 2 2 2 2 2
left_child=5 2 8 9 14 6 7 22 12 -3 -9 -8 15 -14 27 26 -4 19 28 21 -21 -15 -1 -10 29 -26 -2 -5 -19 -20
right_child=1 3 16 4 -6 -7 11 10 23 -11 -12 -13 13 17 -16 -17 -18 18 24 20 -22 -23 -24 -25 25 -27 -28 -29 -30 -31
leaf_value=-0.023093869784898746 -0.0011324698673142546 0.029269042505805289 0.013593665762855074 0.03390486521800621 0.046315861540734887 0.010274322491538224 -0.015230742827749909 -0.036125119499297288 0.023089423543244999 0.0068464961027120165 0.024696793380122178 -0.039413158798807892 0.024647827145382901 -0.016016511853048847 0.037864879545721847 -0.022147093292193658 0.025921933098586692 -0.036655441993839855 0.028598945470858752 -0.013133094240292126 0.029960101210036491 -0.043824453757229598 -0.05203602088310897 -0.0080795654220079845 -0.025988954656060576 0.0011262372161523939 0.019196749901777593 0.017381382464493552 0.0035072980542527688 -0.0036762253209680416
leaf_weight=6.6836146605201057 15.973575502401216 45.694753481075168 142.43806514772587 22.962832275778055 102.24367174506187 2.5544706583023062 13.211584039847365 1.542842922965064 14.539577209739948 18.088574951514602 2.2983866510912776 38.261832127114758 4.1465392038226119 16.950384032985315 78.52799560315907 4.0343202357762484 32.880676537752151 6.0759940482676011 5.4650144955376145 6.706681623705661 2.5344662643037736 6.883024698123335 218.78725757432403 4.1427044261945403 8.4821970147895609 30.138655539369211 16.113374275155365 33.047639107331634 2.5248812311328948 4.780310767935589
leaf_count=967 594 271 2305 154 319 114 2046 407 341 120 34 11399 53 1165 519 190 489 1481 201 525 158 709 65437 175 1108 1496 386 272 72 172
internal_value=0 0.0211403 0.00781738 0.0354642 0.0386799 -0.0469581 -0.0475134 -0.0504737 -0.001868 0.023114 -0.00214841 -0.0336148 -0.00453964 -0.00832048 0.032578 0.00532858 0.0160397 -0.0100831 -0.00504097 -0.0184387 0.000457018 -0.0254887 -0.0512839 0.0161185 -0.000956961 -0.00533464 0.00934807 0.0246315 -0.025728 0.0145521
internal_weight=0 625.376 324.81 300.565 236.782 283.34 280.786 229.312 149.492 63.7833 3.84123 51.4734 130.809 94.6881 134.538 36.1213 175.319 90.5416 57.4671 33.0746 9.24115 23.8334 225.471 18.6823 48.8662 38.6209 32.0869 56.0105 8.60088 10.2453
internal_count=93679 13275 11620 1655 1264 80404 80290 66845 8826 391 441 13445 8310 7140 945 1170 2794 7087 4530 2557 683 1874 66404 516 2977 2604 980 426 1553 373
is_linear=0
shrinkage=0.05


Tree=25
num_leaves=31
num_cat=0
split_feature=4 4 4 4 18 4 8 10 18 1 2 7 8 2 0 18 2 2 2 7 2 2 2 2 4 0 7 7 0 1
split_gain=334.14 44.889 10.0203 5.01061 4.50411 4.56083 3.40944 2.58513 2.51115 2.38645 2.0911 1.98884 1.97709 1.95103 3.31714 1.75315 1.66194 1.81209 1.56206 1.55293 1.54604 1.54497 1.67302 1.51331 1.49072 1.44698 1.47603 1.43311 1.41999 1.41687
threshold=0.014258293434977533 0.026842639781534675 0.031408416107296951 0.021205529570579532 0.55000001192092907 0.0099011086858809012 12.000000000000002 1.0000000180025095e-35 0.30952382087707525 54.500000000000007 0.83252188563346874 33.500000000000007 2.5000000000000004 0.83772724866867077 17.648029327392582 0.45000000298023229 0.8157712221145631 0.8102344572544099 0.86919096112251293 21.500000000000004 0.817541003227234 0.8776666820049287 0.80522453784942638 0.85677266120910656 0.010417231824249031 12.807919025421144 12.500000000000002 7.5000000000000009 10.304031372070314 2.5000000000000004
decision_type=2 2 2 2 2 2 2 2 2 2 2 2 2 2 2 2 2 2 2 2 2 2 2 2 2 2 2 2 2 2
left_child=4 3 8 12 5 6 -1 24 10 15 -3 -8 13 14 19 16 17 -5 25 20 -2 22 -14 -9 -7 -18 -27 -22 -11 -4
right_child=1 2 29 9 -6 7 11 23 -10 28 -12 -13 21 -15 -16 -17 18 -19 -20 -21 27 -23 -24 -25 -26 26 -28 -29 -30 -31
leaf_value=-0.050620685556150069 -0.041132974451567328 0.0022432829828142389 0.043866773480457089 0.0019588483428853646 0.013705741962124702 0.017028473030592513 -0.035454540179200709 -0.04043869566692037 0.035097750432228118 0.0076902851159942791 0.022631338109616445 0.023716719324271999 0.0018343031784531284 0.029647132465531342 0.037405836239064995 0.024387108313637357 -0.016872842094715967 0.034027356085223635 0.012576121118048792 0.011243684380731591 0.02492695661716356 0.024843408316409715 -0.016478397703137231 0.0076725197000713985 -0.019583218900609628 0.013709443859310461 -0.004574201204820042 -0.021603221478036019 0.03813929553466322 0.031064034249164308
leaf_weight=222.50183909713815 4.8389507063548134 13.72423921804875 107.97372617945075 9.3148642643354851 2.6987130041234186 2.9788112865062422 1.5012060631997877 29.980058963963533 42.391773754730821 7.2091964641585973 187.73344508931041 2.2916914401575923 16.043426686024759 5.3854078622534862 3.0451754145324221 10.358175466535611 13.81951448204927 7.5856262941379091 19.886750806123018 3.7835302258026777 1.8671890152618287 2.0234206489403723 52.237090436596191 1.4177271856460709 9.020795537857337 14.694946942152454 36.23071603506105 2.9252210061531514 9.0048511316999775 43.340669458732009
leaf_count=68372 367 160 364 226 110 304 412 9476 401 95 1841 33 993 129 17 215 520 98 483 215 37 64 5091 217 1437 352 1089 251 117 211
internal_value=0 0.0201918 0.0302526 0.00208614 -0.0462212 -0.0468693 -0.0498227 -0.0306939 0.0237994 0.00845476 0.0212603 -0.0022139 -0.00676312 0.00616779 -0.0027722 0.00572979 0.00360712 0.0174493 0.000671422 -0.0138548 -0.0238446 -0.0108113 -0.0122112 -0.0380965 -0.00988386 -0.00312082 0.000864085 -0.00230079 0.0258341 0.0404277
internal_weight=0 615.418 395.164 220.254 272.391 269.692 226.295 43.3974 243.849 128.105 201.458 3.7929 92.1494 21.8455 16.4601 111.891 101.532 16.9005 84.6319 13.4149 9.63136 70.3039 68.2805 31.3978 11.9996 64.7452 50.9257 4.79241 16.214 151.314
internal_count=93697 13336 2977 10359 80361 80251 68817 11434 2402 3195 2001 445 7164 1016 887 2983 2768 324 2444 870 655 6148 6084 9693 1741 1961 1441 288 212 575
is_linear=0
shrinkage=0.05


end of trees

feature_importances:
knn_rank=156
rrf_score=149
knn_score=110
bm25_score=93
bm25_rank=79
title_length_tokens=71
query_length_tokens=51
product_brand_token_overlap=31
title_query_token_coverage=21
query_has_color=9
product_brand_match=5
query_has_brand=2
product_color_match=2
query_has_size_pattern=1

parameters:
[boosting: gbdt]
[objective: lambdarank]
[metric: ndcg]
[tree_learner: serial]
[device_type: cpu]
[data_sample_strategy: bagging]
[data: ]
[valid: ]
[num_iterations: 1000]
[learning_rate: 0.05]
[num_leaves: 31]
[num_threads: 0]
[seed: 0]
[deterministic: 0]
[force_col_wise: 0]
[force_row_wise: 0]
[histogram_pool_size: -1]
[max_depth: -1]
[min_data_in_leaf: 100]
[min_sum_hessian_in_leaf: 0.001]
[bagging_fraction: 0.9]
[pos_bagging_fraction: 1]
[neg_bagging_fraction: 1]
[bagging_freq: 5]
[bagging_seed: 3]
[feature_fraction: 0.9]
[feature_fraction_bynode: 1]
[feature_fraction_seed: 2]
[extra_trees: 0]
[extra_seed: 6]
[early_stopping_round: 0]
[early_stopping_min_delta: 0]
[first_metric_only: 0]
[max_delta_step: 0]
[lambda_l1: 0]
[lambda_l2: 1]
[linear_lambda: 0]
[min_gain_to_split: 0]
[drop_rate: 0.1]
[max_drop: 50]
[skip_drop: 0.5]
[xgboost_dart_mode: 0]
[uniform_drop: 0]
[drop_seed: 4]
[top_rate: 0.2]
[other_rate: 0.1]
[min_data_per_group: 100]
[max_cat_threshold: 32]
[cat_l2: 10]
[cat_smooth: 10]
[max_cat_to_onehot: 4]
[top_k: 20]
[monotone_constraints: ]
[monotone_constraints_method: basic]
[monotone_penalty: 0]
[feature_contri: ]
[forcedsplits_filename: ]
[refit_decay_rate: 0.9]
[cegb_tradeoff: 1]
[cegb_penalty_split: 0]
[cegb_penalty_feature_lazy: ]
[cegb_penalty_feature_coupled: ]
[path_smooth: 0]
[interaction_constraints: ]
[verbosity: -1]
[saved_feature_importance_type: 0]
[use_quantized_grad: 0]
[num_grad_quant_bins: 4]
[quant_train_renew_leaf: 0]
[stochastic_rounding: 1]
[linear_tree: 0]
[max_bin: 255]
[max_bin_by_feature: ]
[min_data_in_bin: 3]
[bin_construct_sample_cnt: 200000]
[data_random_seed: 1]
[is_enable_sparse: 1]
[enable_bundle: 1]
[use_missing: 1]
[zero_as_missing: 0]
[feature_pre_filter: 1]
[pre_partition: 0]
[two_round: 0]
[header: 0]
[label_column: ]
[weight_column: ]
[group_column: ]
[ignore_column: ]
[categorical_feature: ]
[forcedbins_filename: ]
[precise_float_parser: 0]
[parser_config_file: ]
[objective_seed: 5]
[num_class: 1]
[is_unbalance: 0]
[scale_pos_weight: 1]
[sigmoid: 1]
[boost_from_average: 1]
[reg_sqrt: 0]
[alpha: 0.9]
[fair_c: 1]
[poisson_max_delta_step: 0.7]
[tweedie_variance_power: 1.5]
[lambdarank_truncation_level: 30]
[lambdarank_norm: 1]
[label_gain: 0,1,3,7,15]
[lambdarank_position_bias_regularization: 0]
[eval_at: 5,10]
[multi_error_top_k: 1]
[auc_mu_weights: ]
[num_machines: 1]
[local_listen_port: 12400]
[time_out: 120]
[machine_list_filename: ]
[machines: ]
[gpu_platform_id: -1]
[gpu_device_id: -1]
[gpu_use_dp: 0]
[num_gpu: 1]

end of parameters

pandas_categorical:null
